0 0.9484375 0.1671875 0.953125 0.171875 0.953125 0.178125 0.9515625 0.184375 0.9453125 0.1890625 0.9375 0.184375 0.9375 0.175 0.946875 0.1671875
0 0.7328125 0.15 0.7390625 0.1546875 0.7421875 0.1640625 0.7296875 0.1671875 0.715625 0.1859375 0.7125 0.1859375 0.7140625 0.1578125 0.721875 0.1515625 0.73125 0.15
0 0.1625 0.7125 0.175 0.725 0.184375 0.75 0.1859375 0.778125 0.1828125 0.790625 0.178125 0.7984375 0.165625 0.8 0.153125 0.8109375 0.1453125 0.8125 0.134375 0.8234375 0.125 0.828125 0.1140625 0.8390625 0.1125 0.8484375 0.1078125 0.8546875 0.0984375 0.85 0.084375 0.846875 0.0796875 0.8359375 0.0765625 0.80625 0.0734375 0.7984375 0.0734375 0.78125 0.0796875 0.7609375 0.08125 0.7453125 0.0875 0.7359375 0.1 0.7296875 0.103125 0.725 0.121875 0.7140625 0.1265625 0.7140625 0.140625 0.721875 0.1453125 0.721875 0.1609375 0.7125
0 0.11875 0.86875 0.1265625 0.871875 0.13125 0.8765625 0.1328125 0.884375 0.1453125 0.90625 0.15 0.9234375 0.15 0.9390625 0.14375 0.95 0.14375 0.9578125 0.140625 0.9640625 0.125 0.9703125 0.1078125 0.9875 0.1015625 0.9984375 0.075 0.9984375 0.0734375 0.996875 0.071875 0.9984375 0.06875 0.996875 0.0359375 0.9984375 0.0328125 0.9953125 0.0328125 0.9875 0.028125 0.971875 0.0296875 0.93125 0.0375 0.9140625 0.0640625 0.8875 0.075 0.8796875 0.0953125 0.88125 0.1015625 0.875 0.1046875 0.875 0.1125 0.86875 0.1171875 0.86875
0 0.121875 0.6390625 0.125 0.6390625 0.1375 0.6515625 0.140625 0.6578125 0.1453125 0.6734375 0.1453125 0.6859375 0.153125 0.703125 0.1515625 0.7109375 0.146875 0.7125 0.14375 0.7171875 0.1390625 0.7171875 0.125 0.709375 0.10625 0.7171875 0.1 0.7234375 0.0890625 0.728125 0.075 0.7421875 0.0765625 0.7546875 0.0734375 0.765625 0.06875 0.7609375 0.059375 0.7609375 0.053125 0.7578125 0.0515625 0.7375 0.046875 0.7203125 0.0515625 0.675 0.0734375 0.653125 0.0796875 0.65 0.090625 0.6453125 0.1 0.646875 0.103125 0.65 0.1140625 0.65 0.121875 0.640625
0 0.8109375 0.2046875 0.03203125 0.034375
0 0.8125 0.159375 0.81875 0.1625 0.8203125 0.178125 0.8125 0.1859375 0.80625 0.1859375 0.803125 0.1890625 0.7984375 0.1890625 0.79375 0.184375 0.79375 0.175 0.8015625 0.1625 0.80625 0.159375 0.8109375 0.159375
0 0.9375 0.153125 0.94375 0.1609375 0.94375 0.16875 0.9390625 0.1734375 0.93125 0.1734375 0.928125 0.165625 0.9296875 0.1546875 0.9359375 0.153125
0 0.8953125 0.159375 0.9 0.1640625 0.9 0.171875 0.8953125 0.178125 0.8890625 0.178125 0.8828125 0.1734375 0.8828125 0.1625 0.8875 0.1578125 0.89375 0.159375
0 0.840625 0.3515625 0.8546875 0.35 0.859375 0.35625 0.8625 0.3609375 0.8625 0.384375 0.8640625 0.3859375 0.8640625 0.39375 0.859375 0.4078125 0.846875 0.4046875 0.834375 0.396875 0.8359375 0.3609375 0.840625 0.353125
0 0.740625 0.1640625 0.7453125 0.16875 0.7453125 0.1734375 0.7390625 0.190625 0.7328125 0.2 0.7203125 0.196875 0.71875 0.1796875 0.73125 0.1640625 0.7390625 0.1640625
0 0.9 0.3046875 0.9046875 0.3140625 0.9 0.3234375 0.89375 0.325 0.8890625 0.33125 0.884375 0.3328125 0.8828125 0.340625 0.8859375 0.3421875 0.8859375 0.3484375 0.878125 0.3328125 0.878125 0.325 0.8828125 0.315625 0.8890625 0.3109375 0.896875 0.3125 0.9 0.30625
0 0.85 0.1453125 0.8640625 0.1421875 0.8671875 0.1515625 0.865625 0.1609375 0.85625 0.1640625 0.846875 0.1546875 0.846875 0.15 0.85 0.146875
0 0.93828125 0.2984375 0.0203125 0.03359375
0 0.7578125 0.2 0.771875 0.20625 0.7734375 0.2203125 0.765625 0.23125 0.7515625 0.2375 0.740625 0.234375 0.7375 0.23125 0.7359375 0.215625 0.7421875 0.20625 0.7515625 0.2 0.75625 0.2
0 0.9484375 0.1609375 0.9484375 0.1546875 0.9515625 0.15 0.9625 0.15 0.9640625 0.15625 0.959375 0.1671875 0.95625 0.1671875 0.95 0.1609375
0 0.70625 0.1546875 0.7125 0.1625 0.7125 0.1734375 0.709375 0.178125 0.709375 0.184375 0.703125 0.1859375 0.684375 0.184375 0.68125 0.1796875 0.68125 0.16875 0.6953125 0.1546875 0.6984375 0.153125 0.7046875 0.1546875
0 0.8890625 0.325 0.8921875 0.3359375 0.9046875 0.3171875 0.9125 0.325 0.9078125 0.346875 0.8953125 0.3578125 0.8921875 0.35625 0.8921875 0.3484375 0.8890625 0.3453125 0.8859375 0.35 0.88125 0.346875 0.8796875 0.3421875 0.88125 0.33125 0.8875 0.325
3 0.8359375 0.16640625 0.03046875 0.028125