0 0.234375 0.175 0.2484375 0.1890625 0.25 0.2015625 0.2484375 0.20625 0.2421875 0.2109375 0.2359375 0.2109375 0.234375 0.20625 0.2234375 0.196875 0.221875 0.1921875 0.225 0.1828125 0.2328125 0.175
0 0.6 0.1140625 0.609375 0.1203125 0.6109375 0.140625 0.609375 0.1453125 0.5984375 0.1546875 0.5890625 0.146875 0.584375 0.1484375 0.584375 0.1375 0.59375 0.1171875 0.5984375 0.1140625
0 0.1890625 0.175 0.2015625 0.1765625 0.2078125 0.1890625 0.2046875 0.196875 0.1953125 0.203125 0.184375 0.203125 0.1796875 0.19375 0.1796875 0.184375 0.1828125 0.178125 0.1875 0.175
0 0.209375 0.19375 0.21875 0.2 0.221875 0.2109375 0.2265625 0.2125 0.228125 0.215625 0.2296875 0.2234375 0.2234375 0.225 0.21875 0.23125 0.20625 0.2296875 0.2 0.225 0.1984375 0.2109375 0.2 0.203125 0.2078125 0.1953125
0 0.0609375 0.2984375 0.02109375 0.03359375
0 0.075 0.15 0.078125 0.1546875 0.078125 0.1609375 0.071875 0.1671875 0.0671875 0.1671875 0.0609375 0.1609375 0.0609375 0.1578125 0.065625 0.1515625 0.0734375 0.15
0 0.1203125 0.196875 0.1234375 0.2 0.121875 0.2109375 0.1125 0.2109375 0.1109375 0.2078125 0.1109375 0.2 0.1140625 0.196875 0.11875 0.196875
0 0.16875 0.1796875 0.175 0.184375 0.175 0.1921875 0.171875 0.1984375 0.1640625 0.203125 0.1609375 0.2015625 0.15625 0.1875 0.1625 0.1796875 0.1671875 0.1796875
0 0.265625 0.171875 0.275 0.184375 0.2765625 0.1921875 0.271875 0.1984375 0.2625 0.2 0.2515625 0.1953125 0.25 0.1875 0.246875 0.1859375 0.246875 0.1703125 0.2515625 0.1671875 0.259375 0.1671875 0.2640625 0.171875
0 0.20625 0.1625 0.209375 0.175 0.203125 0.1765625 0.2015625 0.175 0.1921875 0.1765625 0.1890625 0.1734375 0.1890625 0.1640625 0.1984375 0.15625 0.2046875 0.1625
0 0.2234375 0.1875 0.234375 0.2078125 0.234375 0.221875 0.23125 0.2265625 0.225 0.2234375 0.2234375 0.2171875 0.21875 0.2125 0.2171875 0.19375 0.221875 0.1890625
0 0.1703125 0.1578125 0.1765625 0.1609375 0.1796875 0.165625 0.18125 0.1734375 0.1765625 0.1828125 0.171875 0.1796875 0.1640625 0.1796875 0.159375 0.1734375 0.159375 0.1640625 0.16875 0.1578125
0 0.296875 0.159375 0.3078125 0.165625 0.309375 0.16875 0.3078125 0.1796875 0.3046875 0.1796875 0.3046875 0.1765625 0.2984375 0.171875 0.29375 0.1734375 0.2875 0.1609375 0.2921875 0.1578125 0.2953125 0.159375
0 0.2921875 0.159375 0.3078125 0.16875 0.309375 0.175 0.3078125 0.1796875 0.3 0.1859375 0.2859375 0.1859375 0.2796875 0.1828125 0.2734375 0.171875 0.2734375 0.1671875 0.2765625 0.1625 0.290625 0.1609375
0 0.0984375 0.3078125 0.1 0.321875 0.10625 0.3328125 0.109375 0.3109375 0.11875 0.325 0.1203125 0.3375 0.1171875 0.346875 0.1109375 0.35 0.1109375 0.3453125 0.1078125 0.340625 0.10625 0.3421875 0.1078125 0.3515625 0.1046875 0.3578125 0.1015625 0.3578125 0.090625 0.346875 0.0859375 0.321875 0.0890625 0.315625 0.096875 0.309375
0 0.15 0.1875 0.1578125 0.19375 0.1609375 0.2 0.1609375 0.2125 0.153125 0.215625 0.1359375 0.2109375 0.134375 0.1984375 0.1359375 0.1921875 0.1484375 0.1875
0 0.1578125 0.35 0.1625 0.3625 0.1625 0.378125 0.1640625 0.3796875 0.1625 0.396875 0.1421875 0.4078125 0.1390625 0.4078125 0.134375 0.39375 0.1359375 0.359375 0.1453125 0.35 0.15625 0.35
1 0.9984375 0.7375 0.9984375 0.7671875 0.996875 0.76875 0.9984375 0.7703125 0.9984375 0.8125 0.990625 0.8109375 0.9828125 0.7859375 0.9875 0.7546875 0.996875 0.7390625