0 0.9078125 0.31875 0.9125 0.325 0.9078125 0.346875 0.8984375 0.35625 0.89375 0.3578125 0.8921875 0.3578125 0.8921875 0.3453125 0.8953125 0.3296875 0.90625 0.31875
0 0.865625 0.1375 0.86875 0.1421875 0.86875 0.1578125 0.859375 0.1640625 0.8484375 0.159375 0.8484375 0.1484375 0.8546875 0.140625 0.8640625 0.1375
0 0.6734375 0.265625 0.6796875 0.2703125 0.6828125 0.3109375 0.6765625 0.31875 0.671875 0.3203125 0.66875 0.31875 0.65625 0.3203125 0.6515625 0.309375 0.640625 0.2984375 0.6296875 0.2953125 0.625 0.290625 0.625 0.2765625 0.6296875 0.2671875 0.6453125 0.2625 0.665625 0.2625 0.671875 0.265625
0 0.0734375 0.3953125 0.078125 0.4 0.0828125 0.4109375 0.0875 0.4125 0.0890625 0.4359375 0.0859375 0.4484375 0.0796875 0.4578125 0.06875 0.4609375 0.0546875 0.4734375 0.046875 0.48125 0.0421875 0.490625 0.025 0.4875 0.0234375 0.4796875 0.025 0.4515625 0.0375 0.4359375 0.04375 0.415625 0.0578125 0.4 0.0609375 0.4 0.06875 0.39375 0.071875 0.3953125
0 0.353125 0.025 0.359375 0.025 0.365625 0.0296875 0.365625 0.0484375 0.3578125 0.0484375 0.353125 0.040625 0.353125 0.0265625
0 0.9140625 0.296875 0.915625 0.3 0.9125 0.303125 0.9109375 0.3109375 0.9125 0.3125 0.9171875 0.3109375 0.9171875 0.315625 0.9109375 0.3171875 0.9125 0.3265625 0.90625 0.3484375 0.903125 0.3484375 0.896875 0.35625 0.8921875 0.35625 0.89375 0.33125 0.8921875 0.3296875 0.890625 0.33125 0.8859375 0.3515625 0.88125 0.346875 0.878125 0.3375 0.8796875 0.325 0.8859375 0.3125 0.890625 0.3109375 0.8921875 0.3140625 0.890625 0.3203125 0.89375 0.325 0.8984375 0.3203125 0.9 0.30625 0.903125 0.309375 0.9140625 0.2984375
0 0.93828125 0.2984375 0.021875 0.03359375
0 0.384375 0.090625 0.3890625 0.096875 0.390625 0.1171875 0.3890625 0.121875 0.38125 0.1234375 0.371875 0.121875 0.3703125 0.0984375 0.375 0.090625 0.3828125 0.090625
0 0.45625 0.1734375 0.459375 0.1765625 0.4640625 0.1953125 0.46875 0.2015625 0.4671875 0.2234375 0.45625 0.2265625 0.4453125 0.225 0.4375 0.2046875 0.4390625 0.175 0.4453125 0.171875 0.4546875 0.1734375
0 0.678125 0.15 0.703125 0.15 0.70625 0.153125 0.7046875 0.1765625 0.7015625 0.1796875 0.6765625 0.1828125 0.665625 0.171875 0.6671875 0.1640625 0.6765625 0.15625 0.678125 0.1515625
0 0.371875 0.05625 0.3765625 0.0578125 0.3828125 0.0640625 0.3859375 0.071875 0.3859375 0.084375 0.371875 0.0859375 0.36875 0.075 0.371875 0.0578125
0 0.3578125 0.053125 0.365625 0.0546875 0.365625 0.071875 0.3640625 0.0734375 0.3578125 0.0734375 0.35625 0.0703125 0.3546875 0.0625 0.3578125 0.0546875
0 0.4078125 0.1234375 0.4140625 0.128125 0.421875 0.14375 0.421875 0.1609375 0.4171875 0.16875 0.4 0.1640625 0.39375 0.159375 0.3921875 0.153125 0.3921875 0.128125 0.39375 0.125 0.4 0.121875 0.40625 0.1234375
0 0.85 0.3796875 0.03125 0.059375
1 0 0.46875 0.0015625 0.478125 0.0046875 0.4828125 0.003125 0.5109375 0 0.5140625 0 0.4703125
1 0.7265625 0.1796875 0.728125 0.1875 0.7234375 0.2 0.715625 0.1984375 0.7140625 0.1859375 0.71875 0.178125 0.725 0.1796875