0 0.96875 0.2296875 0.971875 0.234375 0.971875 0.2421875 0.9671875 0.2515625 0.9578125 0.2484375 0.9578125 0.2375 0.9625 0.2296875 0.9671875 0.2296875
0 0.8546875 0.35 0.8640625 0.3625 0.8625 0.3640625 0.8640625 0.3921875 0.859375 0.4078125 0.8359375 0.3984375 0.834375 0.39375 0.8375 0.35625 0.840625 0.3515625 0.853125 0.35
0 0.184375 0.6015625 0.1890625 0.6171875 0.1953125 0.6265625 0.196875 0.6453125 0.19375 0.6640625 0.1859375 0.671875 0.175 0.6703125 0.16875 0.6734375 0.1421875 0.6984375 0.1390625 0.6984375 0.1328125 0.7046875 0.13125 0.7125 0.1265625 0.7203125 0.1203125 0.7203125 0.1078125 0.715625 0.1 0.6984375 0.09375 0.6734375 0.09375 0.65625 0.0984375 0.640625 0.0984375 0.6296875 0.1125 0.6125 0.115625 0.6125 0.1328125 0.6 0.1390625 0.5984375 0.15625 0.6 0.1703125 0.5890625 0.175 0.596875 0.1828125 0.6015625
0 0.9234375 0.2875 0.925 0.3046875 0.9171875 0.321875 0.909375 0.3203125 0.90625 0.315625 0.90625 0.3078125 0.9109375 0.2953125 0.9171875 0.2890625 0.921875 0.2875
0 0.946875 0.1984375 0.9515625 0.2 0.953125 0.203125 0.9515625 0.21875 0.9453125 0.21875 0.9390625 0.2140625 0.9390625 0.203125 0.940625 0.2 0.9453125 0.1984375
0 0.9 0.3078125 0.9015625 0.3140625 0.9109375 0.325 0.9078125 0.3453125 0.9046875 0.3484375 0.8953125 0.35 0.8953125 0.340625 0.8921875 0.3359375 0.8875 0.3375 0.8859375 0.3484375 0.8796875 0.3421875 0.8796875 0.3234375 0.884375 0.3140625 0.890625 0.3109375 0.89375 0.31875 0.9 0.309375
0 0.93125 0.2375 0.94375 0.2375 0.946875 0.2421875 0.9484375 0.2515625 0.9453125 0.2625 0.9375 0.2640625 0.9328125 0.2609375 0.93125 0.2390625
0 0.946875 0.2859375 0.9484375 0.2984375 0.946875 0.3078125 0.9421875 0.3140625 0.928125 0.3078125 0.928125 0.29375 0.9375 0.2828125 0.9421875 0.2828125 0.9453125 0.2859375
0 0.5 0.334375 0.5046875 0.3375 0.509375 0.3375 0.5171875 0.3453125 0.5171875 0.36875 0.515625 0.3734375 0.5015625 0.38125 0.49375 0.3890625 0.4875 0.4078125 0.459375 0.40625 0.45 0.396875 0.4484375 0.3796875 0.4734375 0.3375 0.4890625 0.3359375 0.4921875 0.3328125 0.4984375 0.334375
0 0.509375 0.178125 0.03984375 0.04453125
0 0.8609375 0.6359375 0.8734375 0.6390625 0.8875 0.646875 0.8921875 0.6515625 0.9 0.6703125 0.9140625 0.6796875 0.9203125 0.69375 0.9234375 0.7125 0.9234375 0.73125 0.921875 0.7359375 0.9140625 0.7421875 0.9078125 0.7546875 0.903125 0.7546875 0.8953125 0.74375 0.8640625 0.7234375 0.8546875 0.7234375 0.85 0.734375 0.84375 0.7328125 0.84375 0.7234375 0.846875 0.7171875 0.846875 0.6828125 0.84375 0.678125 0.8421875 0.6828125 0.8359375 0.6828125 0.8296875 0.6734375 0.8296875 0.6625 0.8359375 0.65 0.840625 0.646875 0.846875 0.6375 0.853125 0.634375 0.859375 0.6359375