0 0.0890625 0.315625 0.0953125 0.3140625 0.0984375 0.321875 0.103125 0.325 0.103125 0.3453125 0.1046875 0.346875 0.1046875 0.353125 0.1015625 0.35625 0.0953125 0.35 0.090625 0.3484375 0.084375 0.328125 0.084375 0.3234375 0.0890625 0.3171875
0 0.7078125 0.2890625 0.7359375 0.3 0.740625 0.315625 0.7515625 0.3265625 0.753125 0.334375 0.75625 0.3375 0.7578125 0.3515625 0.7546875 0.3640625 0.7453125 0.371875 0.7375 0.371875 0.725 0.3578125 0.7203125 0.3578125 0.70625 0.3484375 0.6921875 0.3484375 0.6890625 0.34375 0.684375 0.328125 0.6859375 0.3140625 0.6953125 0.2953125 0.7015625 0.2890625 0.70625 0.2890625
0 0.4921875 0.1828125 0.4984375 0.1875 0.5 0.2015625 0.475 0.225 0.4671875 0.24375 0.4625 0.2484375 0.453125 0.2484375 0.446875 0.2453125 0.4484375 0.2203125 0.459375 0.2015625 0.4734375 0.1875 0.4828125 0.1828125 0.490625 0.1828125
0 0.146875 0.1421875 0.1515625 0.1515625 0.1515625 0.1609375 0.1484375 0.1625 0.1328125 0.15625 0.1296875 0.1515625 0.1328125 0.140625 0.1453125 0.1421875
0 0.1375 0.15 0.14375 0.159375 0.1484375 0.1625 0.146875 0.1734375 0.140625 0.178125 0.1296875 0.1765625 0.128125 0.171875 0.1296875 0.1578125 0.1359375 0.1515625
0 0.9328125 0.3953125 0.9375 0.4 0.940625 0.4 0.953125 0.4125 0.959375 0.4265625 0.959375 0.4328125 0.9734375 0.4515625 0.975 0.484375 0.9703125 0.4890625 0.959375 0.4921875 0.95625 0.490625 0.9546875 0.484375 0.9453125 0.4734375 0.925 0.4578125 0.91875 0.4578125 0.9125 0.4484375 0.909375 0.4375 0.9109375 0.415625 0.915625 0.4109375 0.9203125 0.3984375 0.925 0.39375 0.93125 0.3953125
0 0.2234375 0.1640625 0.2390625 0.1625 0.25 0.1765625 0.2484375 0.1875 0.2359375 0.196875 0.221875 0.190625 0.21875 0.1859375 0.2234375 0.165625
0 0.1578125 0.3515625 0.1640625 0.365625 0.1625 0.3703125 0.1640625 0.396875 0.1578125 0.3984375 0.140625 0.409375 0.1375 0.40625 0.134375 0.39375 0.1359375 0.3828125 0.134375 0.3609375 0.14375 0.35 0.15625 0.3515625
0 0.0984375 0.3046875 0.1015625 0.3125 0.109375 0.3109375 0.115625 0.315625 0.121875 0.33125 0.1203125 0.3390625 0.1125 0.3484375 0.1109375 0.3328125 0.0953125 0.31875 0.0953125 0.3109375 0.0984375 0.30625
0 0.2 0.171875 0.20625 0.1765625 0.215625 0.190625 0.215625 0.1984375 0.20625 0.20625 0.1953125 0.20625 0.190625 0.2015625 0.1875 0.1921875 0.190625 0.1765625 0.1984375 0.171875
0 0.0578125 0.28125 0.0703125 0.2921875 0.071875 0.296875 0.0703125 0.30625 0.0671875 0.30625 0.059375 0.3140625 0.053125 0.3109375 0.0515625 0.2875 0.05625 0.2828125
0 0.9984375 0.4703125 0.9984375 0.5125 0.9953125 0.509375 0.99375 0.4984375 0.99375 0.4828125 0.996875 0.471875
0 0.590625 0.1265625 0.596875 0.1328125 0.5953125 0.15 0.5921875 0.1546875 0.5859375 0.1578125 0.584375 0.1671875 0.578125 0.16875 0.571875 0.16875 0.5671875 0.1625 0.5671875 0.14375 0.5796875 0.128125 0.5890625 0.1265625
0 0.57109375 0.28046875 0.0578125 0.0890625
0 0.29375 0.15 0.3109375 0.15 0.3125 0.1484375 0.3203125 0.15 0.321875 0.15625 0.328125 0.1625 0.33125 0.1625 0.33125 0.175 0.328125 0.1796875 0.3140625 0.1859375 0.30625 0.1765625 0.303125 0.178125 0.2953125 0.1734375 0.2921875 0.1609375 0.29375 0.1515625
0 0.6265625 0.075 0.625 0.0640625 0.6296875 0.0578125 0.6328125 0.046875 0.6375 0.04375 0.64375 0.0453125 0.64375 0.0640625 0.640625 0.0734375 0.628125 0.0734375
1 0.271875 0.1796875 0.275 0.18125 0.2796875 0.178125 0.284375 0.1859375 0.2828125 0.1984375 0.2734375 0.1984375 0.271875 0.18125
3 0.5015625 0.2015625 0.5140625 0.2015625 0.5203125 0.2078125 0.521875 0.2421875 0.515625 0.2578125 0.503125 0.2625 0.496875 0.2734375 0.4765625 0.275 0.4703125 0.2703125 0.46875 0.265625 0.46875 0.25 0.475 0.228125 0.4890625 0.2125 0.4921875 0.2125 0.5015625 0.203125