0 0.05703125 0.18203125 0.0171875 0.01953125
0 0.5640625 0.1125 0.5671875 0.1171875 0.5734375 0.11875 0.575 0.1234375 0.575 0.1390625 0.56875 0.1515625 0.55625 0.1515625 0.553125 0.1484375 0.553125 0.1203125 0.5578125 0.1125 0.5625 0.1125
0 0.0265625 0.16875 0.03125 0.1765625 0.0265625 0.1859375 0.021875 0.1875 0.009375 0.1859375 0.0078125 0.175 0.0171875 0.16875 0.025 0.16875
0 0.06171875 0.29765625 0.021875 0.034375
0 0.1546875 0.35 0.1609375 0.35625 0.1625 0.3625 0.1640625 0.396875 0.1421875 0.4078125 0.1390625 0.4078125 0.1359375 0.3984375 0.1359375 0.359375 0.1421875 0.3515625 0.153125 0.35
0 0.60625 0.04375 0.6109375 0.046875 0.6109375 0.0578125 0.609375 0.0640625 0.6046875 0.06875 0.5984375 0.06875 0.5953125 0.0640625 0.596875 0.05 0.6 0.0453125 0.6046875 0.04375
0 0.57109375 0.1125 0.021875 0.025
0 0.6015625 0.0875 0.6046875 0.09375 0.6046875 0.103125 0.6015625 0.115625 0.5984375 0.11875 0.5875 0.115625 0.5828125 0.1078125 0.5890625 0.0921875 0.5953125 0.0875 0.6 0.0875
0 0.134375 0.1453125 0.1375 0.14375 0.146875 0.1453125 0.1515625 0.153125 0.1515625 0.1578125 0.1484375 0.1609375 0.1390625 0.1640625 0.1328125 0.15625 0.134375 0.146875
0 0.5921875 0.1203125 0.6 0.1265625 0.6015625 0.1328125 0.6 0.1515625 0.5984375 0.153125 0.5953125 0.1515625 0.5890625 0.1578125 0.584375 0.1578125 0.58125 0.153125 0.578125 0.1546875 0.575 0.1484375 0.5828125 0.1265625 0.5875 0.121875 0.590625 0.121875
0 0.0359375 0.171875 0.034375 0.159375 0.0375 0.15625 0.0421875 0.15625 0.0453125 0.159375 0.04375 0.171875 0.0421875 0.1734375 0.0375 0.171875
0 0.6125 0.0984375 0.6171875 0.1 0.621875 0.10625 0.621875 0.1203125 0.61875 0.13125 0.6078125 0.1328125 0.6015625 0.1265625 0.6015625 0.11875 0.6078125 0.10625 0.6078125 0.1015625 0.6109375 0.1
0 0.1515625 0.184375 0.1578125 0.1875 0.165625 0.1984375 0.165625 0.20625 0.15625 0.2125 0.1484375 0.2125 0.14375 0.2109375 0.1421875 0.2078125 0.140625 0.1921875 0.1421875 0.1875 0.15 0.184375