0 0.796875 0.309375 0.8140625 0.321875 0.825 0.325 0.834375 0.34375 0.8453125 0.3515625 0.8484375 0.3625 0.8484375 0.3828125 0.8453125 0.390625 0.8359375 0.3921875 0.83125 0.3921875 0.825 0.3859375 0.8 0.3703125 0.7890625 0.3671875 0.78125 0.3578125 0.7796875 0.353125 0.78125 0.3328125 0.7890625 0.3140625 0.7953125 0.309375
0 0.078125 0.225 0.078125 0.234375 0.0671875 0.24375 0.0625 0.2421875 0.0609375 0.2296875 0.0640625 0.225 0.0734375 0.2234375 0.0765625 0.225
0 0.996875 0.446875 0.9984375 0.4484375 0.9984375 0.5109375 0.9828125 0.5109375 0.98125 0.509375 0.975 0.4828125 0.975 0.4734375 0.9796875 0.45625 0.9890625 0.4453125 0.9953125 0.446875
0 0.1390625 0.140625 0.140625 0.1421875 0.14375 0.140625 0.15 0.1484375 0.15 0.159375 0.140625 0.165625 0.134375 0.1625 0.1296875 0.15625 0.1296875 0.14375 0.1328125 0.140625 0.1375 0.140625
0 0.14375 0.35 0.153125 0.35 0.159375 0.3546875 0.1625 0.3625 0.1625 0.378125 0.1640625 0.3796875 0.1640625 0.396875 0.140625 0.409375 0.1375 0.40625 0.134375 0.3921875 0.1359375 0.3609375 0.14375 0.3515625
0 0.0984375 0.3078125 0.1046875 0.325 0.1078125 0.3109375 0.1125 0.3125 0.11875 0.321875 0.1203125 0.3390625 0.115625 0.3484375 0.1125 0.35 0.1109375 0.3484375 0.1078125 0.3296875 0.1046875 0.3265625 0.103125 0.328125 0.103125 0.3515625 0.1015625 0.353125 0.0953125 0.35 0.090625 0.34375 0.090625 0.3375 0.0875 0.33125 0.0875 0.3203125 0.096875 0.309375
0 0.06171875 0.2984375 0.021875 0.03359375
0 0.5984375 0.1140625 0.603125 0.115625 0.609375 0.1296875 0.60625 0.146875 0.5984375 0.1546875 0.5921875 0.1484375 0.584375 0.1453125 0.5859375 0.13125 0.5921875 0.1171875 0.596875 0.1140625
0 0.3265625 0.1609375 0.3296875 0.1640625 0.328125 0.175 0.325 0.175 0.3203125 0.1796875 0.296875 0.1796875 0.2953125 0.18125 0.2875 0.1796875 0.284375 0.16875 0.284375 0.159375 0.2890625 0.15 0.3140625 0.1484375 0.325 0.1609375
0 0.453125 0.171875 0.4703125 0.178125 0.471875 0.190625 0.4703125 0.1953125 0.4671875 0.1984375 0.459375 0.2 0.453125 0.20625 0.4515625 0.2109375 0.43125 0.2109375 0.4265625 0.20625 0.4265625 0.1953125 0.434375 0.1859375 0.4359375 0.1796875 0.440625 0.175 0.4515625 0.171875
0 0.5390625 0.125 0.54375 0.13125 0.5421875 0.1484375 0.5359375 0.1484375 0.5296875 0.1546875 0.515625 0.1546875 0.5125 0.146875 0.5140625 0.13125 0.515625 0.128125 0.5234375 0.125 0.5375 0.125
0 0.1015625 0.325 0.1046875 0.35 0.103125 0.3546875 0.1 0.3546875 0.090625 0.346875 0.0859375 0.33125 0.0859375 0.325 0.090625 0.31875 0.0953125 0.31875 0.1 0.325
0 0.615625 0.0953125 0.621875 0.0984375 0.6265625 0.0953125 0.6265625 0.128125 0.6125 0.1296875 0.60625 0.1203125 0.6078125 0.109375 0.6140625 0.096875
1 0.1578125 0.17421875 0.01015625 0.02109375