0 0.971875 0.9765625 0.990625 0.9875 0.996875 0.99375 0.9984375 0.9984375 0.9546875 0.9984375 0.95625 0.9890625 0.9625 0.9796875 0.965625 0.9765625 0.9703125 0.9765625
0 0.171875 0.1546875 0.184375 0.165625 0.184375 0.178125 0.175 0.1859375 0.165625 0.1859375 0.1609375 0.171875 0.1609375 0.1625 0.1640625 0.1578125 0.1703125 0.1546875
0 0.153125 0.35 0.159375 0.353125 0.1640625 0.365625 0.1640625 0.396875 0.1421875 0.409375 0.1375 0.40625 0.134375 0.39375 0.1359375 0.384375 0.134375 0.3609375 0.14375 0.35 0.1515625 0.35
0 0.15078125 0.171875 0.021875 0.0265625
0 0.0515625 0.2875 0.05625 0.2828125 0.0609375 0.2828125 0.0703125 0.29375 0.06875 0.30625 0.05625 0.3140625 0.0515625 0.30625 0.0515625 0.2890625
0 0.2234375 0.1453125 0.2328125 0.1578125 0.2296875 0.16875 0.2234375 0.171875 0.2171875 0.1703125 0.2125 0.1640625 0.2109375 0.16875 0.20625 0.1671875 0.203125 0.1609375 0.2046875 0.15 0.209375 0.1453125 0.215625 0.14375 0.221875 0.1453125
0 0.31875 0.15 0.321875 0.15625 0.328125 0.1625 0.33125 0.1625 0.33125 0.175 0.328125 0.1796875 0.3171875 0.1859375 0.3125 0.1859375 0.3078125 0.1796875 0.2953125 0.1828125 0.2921875 0.178125 0.2921875 0.1578125 0.2953125 0.1515625 0.296875 0.15 0.3171875 0.15
0 0.09375 0.3203125 0.1015625 0.328125 0.103125 0.3359375 0.10625 0.3390625 0.1046875 0.34375 0.10625 0.353125 0.103125 0.3578125 0.09375 0.3484375 0.090625 0.3484375 0.0859375 0.3359375 0.0859375 0.325 0.0921875 0.3203125
1 0.05625 0.1515625 0.0625 0.1578125 0.0640625 0.1625 0.0625 0.1703125 0.0578125 0.1734375 0.053125 0.1703125 0.05 0.159375 0.0515625 0.153125 0.0546875 0.1515625
1 0.2765625 0.175 0.2828125 0.1828125 0.2828125 0.1984375 0.2765625 0.2 0.2734375 0.1984375 0.2703125 0.1890625 0.2703125 0.1796875 0.275 0.175
1 0.2421875 0.203125 0.2484375 0.19375 0.2546875 0.1921875 0.259375 0.2 0.259375 0.2109375 0.25 0.2171875 0.2453125 0.2171875 0.24375 0.2046875
2 0.1921875 0.178125 0.209375 0.175 0.2109375 0.1828125 0.215625 0.190625 0.215625 0.2234375 0.203125 0.225 0.196875 0.221875 0.1921875 0.2140625 0.190625 0.1984375 0.190625 0.18125 0.1921875 0.1796875
2 0.234375 0.1875 0.240625 0.203125 0.2421875 0.2203125 0.2296875 0.2296875 0.2234375 0.2296875 0.2171875 0.2234375 0.203125 0.2265625 0.1953125 0.2203125 0.1921875 0.2140625 0.190625 0.18125 0.196875 0.1765625 0.209375 0.175 0.2125 0.184375 0.2171875 0.184375 0.2203125 0.18125 0.228125 0.18125 0.2328125 0.1875