0 0.9109375 0.3 0.9125 0.3 0.9125 0.3046875 0.909375 0.3171875 0.9125 0.321875 0.9125 0.3296875 0.9078125 0.346875 0.89375 0.35625 0.8921875 0.346875 0.890625 0.3453125 0.8875 0.35 0.8828125 0.3484375 0.878125 0.3390625 0.878125 0.3296875 0.8859375 0.3125 0.8921875 0.3109375 0.89375 0.3140625 0.8921875 0.3203125 0.896875 0.3234375 0.8984375 0.321875 0.896875 0.3125 0.9 0.3046875 0.90625 0.3109375 0.9109375 0.3015625
0 0.409375 0.075 0.415625 0.08125 0.41875 0.0890625 0.41875 0.0953125 0.4140625 0.1 0.40625 0.1 0.396875 0.0921875 0.396875 0.0828125 0.403125 0.075 0.4078125 0.075
0 0.9734375 0.2125 0.9796875 0.2203125 0.9796875 0.228125 0.9765625 0.2359375 0.9671875 0.2359375 0.9609375 0.228125 0.9640625 0.2125 0.9671875 0.209375 0.971875 0.2125
0 0.371875 0.2625 0.3765625 0.265625 0.3828125 0.275 0.3890625 0.2921875 0.3875 0.315625 0.38125 0.3234375 0.3734375 0.3234375 0.3484375 0.3328125 0.3390625 0.3421875 0.3234375 0.3375 0.31875 0.325 0.3203125 0.30625 0.3234375 0.3 0.3265625 0.3 0.3328125 0.29375 0.34375 0.275 0.3625 0.2625 0.3703125 0.2625
0 0.00625 0.9875 0.009375 0.9875 0.0171875 0.9796875 0.0328125 0.9765625 0.0375 0.98125 0.04375 0.9953125 0.04375 0.9984375 0.0015625 0.9984375 0.00625 0.9890625
0 0.3921875 0.1140625 0.021875 0.0390625
0 0.928125 0.30625 0.928125 0.2921875 0.9375 0.2828125 0.9421875 0.2828125 0.946875 0.2875 0.9484375 0.2921875 0.946875 0.3078125 0.9421875 0.3140625 0.9390625 0.3140625 0.9296875 0.30625
0 0.8390625 0.140625 0.8453125 0.15 0.84375 0.153125 0.8359375 0.1546875 0.8265625 0.1609375 0.8234375 0.1609375 0.8234375 0.1484375 0.8265625 0.1421875 0.8375 0.140625
0 0.865625 0.1375 0.86875 0.140625 0.86875 0.15625 0.8625 0.1640625 0.8578125 0.1640625 0.85 0.159375 0.846875 0.15625 0.846875 0.15 0.8515625 0.1421875 0.8640625 0.1375
0 0.9140625 0.1765625 0.91875 0.1765625 0.928125 0.1828125 0.928125 0.1890625 0.921875 0.1984375 0.9171875 0.2 0.9125 0.1984375 0.9140625 0.178125
0 0.909375 0.315625 0.915625 0.3234375 0.915625 0.328125 0.9078125 0.3484375 0.896875 0.35625 0.8921875 0.35625 0.8921875 0.34375 0.8953125 0.33125 0.8984375 0.325 0.9015625 0.3234375 0.903125 0.3171875 0.9078125 0.315625
0 0.796875 0.1609375 0.8 0.1625 0.803125 0.16875 0.803125 0.1828125 0.8 0.1875 0.7890625 0.1890625 0.784375 0.1859375 0.784375 0.175 0.7875 0.1640625 0.790625 0.1609375 0.7953125 0.1609375
0 0.7625 0.1828125 0.76875 0.1828125 0.7734375 0.190625 0.775 0.203125 0.7703125 0.215625 0.7609375 0.2125 0.75625 0.2171875 0.75 0.2171875 0.7421875 0.2125 0.7390625 0.20625 0.74375 0.1890625 0.753125 0.184375 0.75625 0.1859375 0.7625 0.184375
0 0.8359375 0.16875 0.0265625 0.03203125
0 0.7578125 0.1609375 0.7640625 0.1625 0.76875 0.1796875 0.7671875 0.1828125 0.7609375 0.1859375 0.7515625 0.1859375 0.7453125 0.1890625 0.740625 0.1953125 0.7359375 0.1859375 0.740625 0.1625 0.75625 0.1609375
0 0.8109375 0.1375 0.815625 0.1484375 0.825 0.15625 0.8234375 0.1609375 0.815625 0.16875 0.80625 0.16875 0.796875 0.1609375 0.7984375 0.153125 0.803125 0.1484375 0.80625 0.1390625 0.809375 0.1375
0 0.6546875 0.259375 0.6671875 0.2671875 0.675 0.265625 0.684375 0.278125 0.690625 0.3 0.690625 0.3140625 0.68125 0.3234375 0.675 0.3234375 0.6703125 0.3171875 0.6578125 0.3109375 0.6453125 0.309375 0.6359375 0.3109375 0.6328125 0.309375 0.63125 0.303125 0.625 0.2984375 0.6234375 0.29375 0.625 0.278125 0.634375 0.2609375 0.6390625 0.25625 0.646875 0.25625 0.653125 0.259375
0 0.678125 0.15 0.703125 0.15 0.70625 0.1546875 0.7078125 0.1703125 0.70625 0.1796875 0.703125 0.1828125 0.690625 0.18125 0.6859375 0.1859375 0.671875 0.1828125 0.6671875 0.175 0.6671875 0.1640625 0.675 0.159375 0.678125 0.1515625
0 0.834375 0.3984375 0.834375 0.36875 0.8375 0.35625 0.84375 0.35 0.8546875 0.35 0.8625 0.359375 0.8640625 0.39375 0.859375 0.409375 0.8359375 0.3984375
1 0.7265625 0.1765625 0.728125 0.1890625 0.7234375 0.2 0.715625 0.1984375 0.7140625 0.190625 0.7171875 0.1796875 0.7203125 0.1765625 0.725 0.1765625
3 0.9734375 0.2125 0.9796875 0.225 0.975 0.2359375 0.9671875 0.2359375 0.9609375 0.228125 0.9640625 0.2125 0.965625 0.2109375 0.971875 0.2125