0 0.2578125 0.1625 0.271875 0.175 0.275 0.1828125 0.275 0.196875 0.2625 0.203125 0.25 0.196875 0.246875 0.1890625 0.2453125 0.171875 0.25625 0.1640625
0 0.0359375 0.2234375 0.040625 0.2328125 0.0390625 0.246875 0.0296875 0.2453125 0.025 0.2359375 0.0265625 0.2265625 0.034375 0.2234375
0 0.234375 0.16875 0.2390625 0.1703125 0.2453125 0.1796875 0.2453125 0.1890625 0.2484375 0.1953125 0.2453125 0.2046875 0.240625 0.209375 0.23125 0.2109375 0.228125 0.2015625 0.2203125 0.19375 0.2234375 0.175 0.2328125 0.1703125
0 0.9984375 0.9265625 0.990625 0.9234375 0.9796875 0.9140625 0.975 0.9171875 0.96875 0.9171875 0.9640625 0.909375 0.9640625 0.903125 0.959375 0.896875 0.9578125 0.8875 0.959375 0.8609375 0.96875 0.8375 0.9859375 0.8203125 0.99375 0.8203125 0.9984375 0.8328125 0.9984375 0.875 0.996875 0.8765625 0.9984375 0.8796875 0.9984375 0.925
0 0.1375 0.134375 0.14375 0.1390625 0.1484375 0.1484375 0.1453125 0.1609375 0.140625 0.1671875 0.13125 0.1609375 0.1296875 0.15625 0.1296875 0.140625 0.1359375 0.134375
0 0.1875 0.190625 0.19375 0.196875 0.196875 0.2046875 0.196875 0.215625 0.1890625 0.221875 0.175 0.2203125 0.1703125 0.215625 0.171875 0.1921875 0.1765625 0.1890625 0.1859375 0.190625
0 0.0546875 0.3140625 0.0515625 0.3078125 0.0515625 0.2875 0.05625 0.2828125 0.0609375 0.2828125 0.071875 0.2953125 0.0703125 0.3046875 0.0640625 0.3109375 0.05625 0.3140625
0 0.053125 0.17421875 0.01640625 0.0234375
0 0.1859375 0.1578125 0.19375 0.1640625 0.196875 0.175 0.196875 0.1859375 0.1890625 0.1890625 0.175 0.184375 0.175 0.1625 0.1796875 0.1578125 0.184375 0.1578125
0 0.14375 0.35 0.15625 0.3515625 0.1609375 0.35625 0.1640625 0.365625 0.1625 0.3984375 0.1390625 0.4078125 0.134375 0.3921875 0.1359375 0.3609375 0.14375 0.3515625
0 0.0984375 0.3078125 0.1015625 0.3125 0.1046875 0.3109375 0.1125 0.3125 0.1171875 0.3203125 0.1203125 0.3328125 0.1171875 0.346875 0.1125 0.35 0.1109375 0.3484375 0.1078125 0.3359375 0.103125 0.340625 0.1046875 0.35 0.1015625 0.353125 0.090625 0.346875 0.0828125 0.321875 0.0859375 0.31875 0.0875 0.309375 0.090625 0.3125 0.096875 0.309375
0 0.8703125 0.371875 0.8828125 0.3765625 0.890625 0.384375 0.9015625 0.40625 0.9109375 0.4140625 0.9140625 0.4234375 0.9140625 0.45625 0.9109375 0.4609375 0.8984375 0.4609375 0.8875 0.4484375 0.88125 0.446875 0.8640625 0.4359375 0.8546875 0.434375 0.846875 0.4234375 0.8453125 0.4 0.8484375 0.3890625 0.8515625 0.3859375 0.8515625 0.38125 0.859375 0.3703125 0.86875 0.371875
0 0.2171875 0.1953125 0.221875 0.2 0.2265625 0.2 0.23125 0.2109375 0.2296875 0.221875 0.2234375 0.2234375 0.2171875 0.23125 0.2140625 0.23125 0.209375 0.2265625 0.203125 0.2265625 0.196875 0.2171875 0.196875 0.2 0.209375 0.1921875 0.2140625 0.1921875 0.215625 0.1953125
3 0.1625 0.1515625 0.16875 0.15625 0.171875 0.1625 0.171875 0.175 0.165625 0.1828125 0.15 0.1828125 0.146875 0.1734375 0.1484375 0.1546875 0.153125 0.1515625 0.1609375 0.1515625
3 0.2375 0.16875 0.24375 0.175 0.246875 0.2015625 0.2421875 0.2078125 0.234375 0.2109375 0.23125 0.2109375 0.2296875 0.2015625 0.221875 0.19375 0.221875 0.1796875 0.2234375 0.175 0.2359375 0.16875
2 0.553125 0.1453125 0.56875 0.15 0.56875 0.1859375 0.5609375 0.221875 0.5546875 0.2265625 0.55 0.2453125 0.546875 0.2484375 0.5390625 0.2453125 0.53125 0.246875 0.525 0.2453125 0.525 0.2078125 0.528125 0.18125 0.5328125 0.1640625 0.5390625 0.153125 0.5515625 0.1453125