0 0.853125 0.35 0.8640625 0.3625 0.8625 0.3640625 0.8640625 0.39375 0.859375 0.4078125 0.8359375 0.3984375 0.834375 0.3953125 0.834375 0.3765625 0.8359375 0.375 0.834375 0.3671875 0.8375 0.35625 0.84375 0.35 0.8515625 0.35
0 0 0.8390625 0.00625 0.8515625 0.0078125 0.865625 0.0125 0.8796875 0.0109375 0.909375 0.0046875 0.9171875 0 0.9140625 0 0.840625
0 0.7859375 0.1828125 0.79375 0.18125 0.8078125 0.1890625 0.8078125 0.1984375 0.8046875 0.209375 0.790625 0.2109375 0.784375 0.20625 0.78125 0.196875 0.7828125 0.1875 0.7859375 0.184375
0 0.865625 0.153125 0.871875 0.1578125 0.875 0.15625 0.878125 0.1578125 0.878125 0.1671875 0.8734375 0.1765625 0.86875 0.175 0.8640625 0.178125 0.8578125 0.1765625 0.8546875 0.1671875 0.8546875 0.1625 0.8640625 0.153125
0 0.9515625 0.1578125 0.953125 0.171875 0.9484375 0.175 0.940625 0.1734375 0.940625 0.165625 0.9453125 0.1578125 0.95 0.1578125
0 0.9 0.3046875 0.9046875 0.3140625 0.9 0.3234375 0.89375 0.325 0.8890625 0.33125 0.884375 0.3328125 0.8828125 0.3359375 0.8859375 0.3484375 0.8828125 0.340625 0.8765625 0.334375 0.878125 0.325 0.8859375 0.3125 0.896875 0.3109375 0.8984375 0.30625
0 0.9078125 0.3171875 0.9140625 0.325 0.9125 0.3359375 0.9078125 0.3484375 0.9046875 0.3484375 0.896875 0.3578125 0.8921875 0.35625 0.8921875 0.34375 0.890625 0.3421875 0.8875 0.3453125 0.8875 0.35 0.884375 0.35 0.88125 0.346875 0.8796875 0.3375 0.8828125 0.3296875 0.8890625 0.325 0.8921875 0.34375 0.896875 0.325 0.90625 0.3171875
0 0.7328125 0.1703125 0.746875 0.16875 0.7515625 0.1734375 0.7421875 0.1828125 0.734375 0.2015625 0.7296875 0.203125 0.721875 0.196875 0.7203125 0.184375 0.721875 0.1796875 0.7328125 0.171875
0 0.8109375 0.1984375 0.809375 0.1875 0.8171875 0.175 0.828125 0.175 0.8328125 0.1796875 0.8328125 0.1984375 0.8296875 0.2015625 0.8171875 0.2015625 0.8125 0.1984375
0 0.93828125 0.2984375 0.021875 0.03359375
0 0.8640625 0.140625 0.865625 0.1515625 0.8546875 0.1625 0.8484375 0.159375 0.85 0.1453125 0.8546875 0.140625 0.8625 0.140625
0 0.7046875 0.15 0.715625 0.1578125 0.71875 0.165625 0.71875 0.178125 0.715625 0.1859375 0.6953125 0.1859375 0.6875 0.1796875 0.6875 0.1671875 0.703125 0.1515625
3 0.7421875 0.146875 0.746875 0.15 0.7484375 0.1546875 0.746875 0.1703125 0.7359375 0.16875 0.7265625 0.175 0.721875 0.1734375 0.7203125 0.165625 0.721875 0.153125 0.7265625 0.146875 0.740625 0.146875
3 0.7609375 0.178125 0.76875 0.184375 0.7703125 0.190625 0.76875 0.2078125 0.765625 0.2125 0.7546875 0.215625 0.75 0.215625 0.740625 0.2109375 0.7375 0.2 0.74375 0.1828125 0.7484375 0.178125 0.759375 0.178125