0 0.840625 0.3515625 0.8546875 0.35 0.8640625 0.3609375 0.8625 0.3671875 0.8640625 0.39375 0.859375 0.4078125 0.85625 0.4078125 0.834375 0.396875 0.834375 0.3671875 0.8375 0.35625 0.840625 0.353125
0 0.946875 0.2875 0.946875 0.30625 0.9421875 0.3140625 0.9375 0.3125 0.9296875 0.3046875 0.9265625 0.2953125 0.9375 0.2828125 0.9421875 0.2828125 0.9453125 0.2875
0 0.8671875 0.1375 0.86875 0.1515625 0.865625 0.1578125 0.8578125 0.1578125 0.8546875 0.1609375 0.8484375 0.159375 0.85 0.1453125 0.8546875 0.140625 0.865625 0.1375
0 0.903125 0.31875 0.90625 0.31875 0.9109375 0.325 0.9109375 0.3359375 0.9078125 0.346875 0.8984375 0.3546875 0.89375 0.353125 0.8953125 0.328125 0.903125 0.3203125
0 0.8515625 0.1796875 0.85 0.175 0.8515625 0.1640625 0.859375 0.1578125 0.865625 0.159375 0.8671875 0.16875 0.8609375 0.1828125 0.853125 0.1796875
0 0.9 0.30625 0.909375 0.325 0.9078125 0.3265625 0.909375 0.3359375 0.90625 0.346875 0.896875 0.353125 0.89375 0.3484375 0.8953125 0.3375 0.8921875 0.334375 0.8890625 0.3375 0.8890625 0.3453125 0.8859375 0.35 0.8828125 0.3484375 0.878125 0.3359375 0.8796875 0.3234375 0.8859375 0.3125 0.8890625 0.3109375 0.896875 0.3125 0.9 0.3078125
0 0.7921875 0.18125 0.80625 0.1875 0.8078125 0.1921875 0.80625 0.20625 0.79375 0.2109375 0.7828125 0.2046875 0.7765625 0.1921875 0.778125 0.1875 0.790625 0.18125
0 0.9140625 0.165625 0.915625 0.175 0.9125 0.184375 0.9109375 0.1859375 0.9 0.184375 0.9015625 0.1703125 0.9078125 0.1671875 0.9109375 0.171875 0.9140625 0.1671875
0 0.7046875 0.15 0.7171875 0.1578125 0.7203125 0.1671875 0.71875 0.184375 0.7171875 0.1859375 0.7125 0.184375 0.6953125 0.1859375 0.6859375 0.1765625 0.6875 0.165625 0.703125 0.1515625
3 0.7625 0.178125 0.76875 0.184375 0.7703125 0.1890625 0.76875 0.2078125 0.7640625 0.2140625 0.7578125 0.2140625 0.7546875 0.2171875 0.7390625 0.209375 0.7390625 0.196875 0.746875 0.1796875 0.7609375 0.178125
3 0.7265625 0.146875 0.74375 0.146875 0.7484375 0.153125 0.746875 0.1734375 0.7375 0.1765625 0.728125 0.1765625 0.7234375 0.1734375 0.7203125 0.1625 0.721875 0.1546875 0.7265625 0.1484375