0 0.678125 0.15 0.684375 0.1484375 0.7046875 0.15 0.70625 0.153125 0.70625 0.171875 0.703125 0.1796875 0.6984375 0.1828125 0.68125 0.184375 0.6703125 0.1796875 0.665625 0.1734375 0.6671875 0.1625 0.671875 0.1609375 0.678125 0.1515625
0 0.375 0.253125 0.3796875 0.25625 0.3890625 0.275 0.3890625 0.2953125 0.384375 0.3 0.38125 0.309375 0.36875 0.3109375 0.3578125 0.315625 0.346875 0.3296875 0.3296875 0.328125 0.3265625 0.325 0.3234375 0.3171875 0.325 0.2953125 0.3328125 0.2859375 0.3375 0.275 0.3421875 0.271875 0.3484375 0.2625 0.35625 0.25625 0.3671875 0.2515625 0.3734375 0.253125
0 0.3828125 0.1015625 0.39375 0.103125 0.4015625 0.125 0.4 0.1328125 0.396875 0.1359375 0.3890625 0.1375 0.3828125 0.134375 0.3796875 0.1171875 0.3828125 0.103125
0 0.3546875 0.0265625 0.365625 0.028125 0.365625 0.0453125 0.3546875 0.04375 0.353125 0.0375 0.3546875 0.028125
0 0.9265625 0.16640625 0.01953125 0.028125
0 0.0734375 0.39375 0.0875 0.415625 0.0890625 0.4265625 0.0875 0.44375 0.084375 0.453125 0.0796875 0.4578125 0.0734375 0.4578125 0.0640625 0.4640625 0.046875 0.48125 0.040625 0.4921875 0.028125 0.4890625 0.025 0.4859375 0.0234375 0.48125 0.025 0.4515625 0.0375 0.434375 0.0390625 0.425 0.0453125 0.4125 0.0578125 0.4 0.0671875 0.39375 0.071875 0.39375
0 0.853125 0.35 0.859375 0.3546875 0.8640625 0.3625 0.8625 0.3671875 0.8640625 0.39375 0.8609375 0.4046875 0.8546875 0.4015625 0.834375 0.3984375 0.834375 0.3796875 0.8375 0.3578125 0.8421875 0.3515625 0.8515625 0.35
0 0.478125 0.1515625 0.49375 0.165625 0.503125 0.184375 0.503125 0.2015625 0.496875 0.209375 0.48125 0.2078125 0.4734375 0.1984375 0.4640625 0.1921875 0.4625 0.1875 0.4640625 0.1546875 0.4703125 0.15 0.4765625 0.1515625
0 0.88125 0.159375 0.8859375 0.1625 0.8859375 0.1828125 0.8828125 0.1859375 0.875 0.1859375 0.8703125 0.178125 0.871875 0.165625 0.8734375 0.1625 0.8796875 0.159375
0 0.9 0.3046875 0.9046875 0.3109375 0.9046875 0.315625 0.9015625 0.3234375 0.884375 0.3359375 0.8859375 0.346875 0.878125 0.3328125 0.878125 0.328125 0.884375 0.3140625 0.8890625 0.3109375 0.89375 0.3140625 0.8984375 0.3109375 0.9 0.30625
0 0 0.46875 0.0046875 0.48125 0.003125 0.509375 0 0.5125 0 0.4703125
0 0.7953125 0.184375 0.79375 0.178125 0.7953125 0.16875 0.8078125 0.15625 0.8125 0.15625 0.81875 0.165625 0.81875 0.175 0.815625 0.1859375 0.7984375 0.1859375 0.796875 0.184375
0 0.9421875 0.28125 0.9484375 0.2890625 0.946875 0.30625 0.9421875 0.3140625 0.9390625 0.3140625 0.928125 0.3015625 0.928125 0.2921875 0.940625 0.28125
0 0.4203125 0.1390625 0.434375 0.1421875 0.446875 0.1546875 0.4515625 0.1625 0.4546875 0.175 0.453125 0.1859375 0.446875 0.1859375 0.4421875 0.190625 0.4421875 0.1953125 0.4390625 0.2 0.434375 0.2015625 0.421875 0.1859375 0.41875 0.1765625 0.4203125 0.140625
0 0.4546875 0.1890625 0.459375 0.1921875 0.4625 0.2 0.465625 0.2171875 0.465625 0.2328125 0.46875 0.240625 0.4671875 0.265625 0.4625 0.265625 0.459375 0.2625 0.4421875 0.2640625 0.4390625 0.259375 0.440625 0.2 0.4484375 0.1890625 0.453125 0.1890625
0 0.865625 0.140625 0.86875 0.14375 0.86875 0.159375 0.8625 0.1640625 0.85625 0.1640625 0.85 0.1609375 0.846875 0.1578125 0.846875 0.1515625 0.8515625 0.14375 0.8640625 0.140625
0 0.9078125 0.3171875 0.9125 0.3234375 0.9125 0.33125 0.9078125 0.346875 0.896875 0.3578125 0.8921875 0.35625 0.890625 0.3421875 0.8859375 0.35 0.8828125 0.3484375 0.88125 0.3328125 0.8859375 0.3265625 0.8890625 0.3265625 0.8921875 0.3375 0.8984375 0.325 0.90625 0.3171875
1 0.721875 0.178125 0.7265625 0.1796875 0.7265625 0.19375 0.7234375 0.2 0.715625 0.1984375 0.7140625 0.1953125 0.715625 0.18125 0.7203125 0.178125