0 0.8421875 0.35 0.853125 0.3484375 0.865625 0.3609375 0.8640625 0.3859375 0.85625 0.4015625 0.8546875 0.4109375 0.85 0.4109375 0.8390625 0.4015625 0.8296875 0.3984375 0.828125 0.3953125 0.83125 0.3671875 0.8328125 0.3625 0.8390625 0.359375 0.8421875 0.3515625
0 0.8265625 0.175 0.84375 0.175 0.8484375 0.1828125 0.8484375 0.196875 0.8453125 0.2 0.8328125 0.2015625 0.825 0.1984375 0.8203125 0.1921875 0.821875 0.18125 0.8265625 0.1765625
0 0.9203125 0.2921875 0.93125 0.3109375 0.93125 0.321875 0.928125 0.325 0.9203125 0.3234375 0.9171875 0.328125 0.9078125 0.321875 0.903125 0.315625 0.9015625 0.3078125 0.9140625 0.2921875 0.91875 0.2921875
0 0.7390625 0.2109375 0.7375 0.2078125 0.7390625 0.203125 0.753125 0.1875 0.7578125 0.1859375 0.7640625 0.1875 0.76875 0.1921875 0.76875 0.203125 0.765625 0.2109375 0.753125 0.2171875 0.7484375 0.2171875 0.740625 0.2109375
0 0.0078125 0.8171875 0.0234375 0.840625 0.03125 0.8640625 0.034375 0.884375 0.03125 0.8984375 0.0234375 0.9140625 0.01875 0.9171875 0.0109375 0.915625 0.003125 0.9234375 0 0.9234375 0 0.8296875 0.0078125 0.8234375 0.0078125 0.81875
0 0.75 0.175 0.75625 0.178125 0.7640625 0.1875 0.7609375 0.1859375 0.7515625 0.190625 0.740625 0.2015625 0.7375 0.2078125 0.7328125 0.1984375 0.7359375 0.1953125 0.7421875 0.178125 0.7484375 0.175
0 0.940625 0.15625 0.9453125 0.1546875 0.953125 0.1625 0.9515625 0.1703125 0.94375 0.171875 0.9390625 0.1671875 0.940625 0.1578125
0 0.8921875 0.328125 0.03671875 0.04140625
0 0 0.9984375 0 0.9515625 0.003125 0.9453125 0.0171875 0.965625 0.01875 0.9796875 0.0265625 0.9984375 0.0015625 0.9984375
0 0.734375 0.1515625 0.7390625 0.15625 0.7390625 0.1625 0.734375 0.16875 0.725 0.175 0.7203125 0.1859375 0.715625 0.1859375 0.709375 0.1765625 0.7109375 0.1640625 0.7203125 0.153125 0.7265625 0.15 0.7328125 0.1515625
0 0.9484375 0.26875 0.9515625 0.26875 0.953125 0.275 0.9625 0.275 0.9609375 0.296875 0.959375 0.2984375 0.95625 0.296875 0.9546875 0.2765625 0.9515625 0.275 0.9421875 0.3109375 0.934375 0.3109375 0.9265625 0.2984375 0.9265625 0.2890625 0.93125 0.2796875 0.9359375 0.275 0.94375 0.275 0.9484375 0.2703125
0 0.765625 0.153125 0.7703125 0.1546875 0.7765625 0.1609375 0.775 0.171875 0.7671875 0.1765625 0.7578125 0.1765625 0.75 0.1734375 0.75 0.1625 0.753125 0.15625 0.75625 0.153125 0.7640625 0.153125
0 0.74375 0.1625 0.7453125 0.1765625 0.7359375 0.1890625 0.7328125 0.1984375 0.7265625 0.1984375 0.71875 0.184375 0.721875 0.18125 0.725 0.1703125 0.73125 0.1640625 0.7375 0.159375 0.7421875 0.1625
1 0.084375 0.815625 0.096875 0.8171875 0.1015625 0.8203125 0.1078125 0.8265625 0.115625 0.8453125 0.1140625 0.85625 0.10625 0.8625 0.103125 0.8703125 0.096875 0.8734375 0.09375 0.86875 0.0921875 0.8703125 0.09375 0.8796875 0.08125 0.8875 0.0796875 0.8953125 0.0765625 0.896875 0.071875 0.8953125 0.065625 0.8875 0.065625 0.8796875 0.05625 0.8578125 0.0546875 0.8453125 0.05625 0.840625 0.065625 0.834375 0.0734375 0.825 0.0796875 0.8296875 0.084375 0.8171875
2 0.803125 0.15625 0.8203125 0.1640625 0.81875 0.1921875 0.809375 0.2015625 0.8078125 0.1984375 0.796875 0.1984375 0.7921875 0.1875 0.7875 0.1828125 0.7890625 0.159375 0.8015625 0.15625
2 0.878125 0.153125 0.8859375 0.1609375 0.884375 0.1828125 0.875 0.1921875 0.86875 0.1921875 0.865625 0.1953125 0.8625 0.1953125 0.8515625 0.1875 0.8546875 0.1609375 0.8609375 0.1515625 0.8765625 0.153125
2 0.7890625 0.1875 0.7984375 0.1984375 0.809375 0.1984375 0.8109375 0.203125 0.8078125 0.2203125 0.8015625 0.2265625 0.7953125 0.228125 0.7875 0.2359375 0.775 0.234375 0.76875 0.221875 0.775 0.2015625 0.78125 0.196875 0.7828125 0.190625 0.7875 0.1875