0 0.2203125 0.2734375 0.234375 0.275 0.246875 0.2875 0.25 0.2875 0.25 0.29375 0.2390625 0.3015625 0.2375 0.3109375 0.23125 0.3109375 0.225 0.3078125 0.2078125 0.3109375 0.203125 0.3078125 0.2015625 0.3015625 0.203125 0.2921875 0.209375 0.2859375 0.2125 0.278125 0.21875 0.275
0 0.046875 0.26875 0.05 0.26875 0.0546875 0.275 0.0625 0.275 0.071875 0.2875 0.071875 0.2984375 0.0671875 0.30625 0.0625 0.3109375 0.05625 0.3109375 0.0515625 0.2984375 0.0515625 0.290625 0.0484375 0.2859375 0.046875 0.2703125
0 0.078125 0.290625 0.084375 0.2921875 0.0875 0.2984375 0.096875 0.3078125 0.0953125 0.315625 0.0828125 0.3296875 0.075 0.33125 0.0703125 0.328125 0.065625 0.3203125 0.065625 0.3109375 0.071875 0.3046875 0.078125 0.2921875
0 0.05 0.275 0.0625 0.275 0.071875 0.2875 0.071875 0.2984375 0.0640625 0.309375 0.0578125 0.3109375 0.0515625 0.29375 0.05 0.2765625
0 0.1046875 0.3078125 0.109375 0.3078125 0.1171875 0.3125 0.125 0.325 0.125 0.3359375 0.1109375 0.3484375 0.1015625 0.3484375 0.096875 0.3453125 0.090625 0.3375 0.0890625 0.328125 0.0921875 0.31875 0.0953125 0.315625 0.1015625 0.315625 0.1046875 0.309375
0 0.1515625 0.175 0.171875 0.175 0.178125 0.1875 0.175 0.1984375 0.165625 0.2015625 0.153125 0.2 0.15 0.196875 0.1515625 0.1765625
0 0.1109375 0.1765625 0.01328125 0.028125
0 0.990625 0.81875 0.9921875 0.8234375 0.9984375 0.8296875 0.9984375 0.9234375 0.99375 0.9234375 0.9875 0.9171875 0.9796875 0.9171875 0.975 0.9140625 0.9671875 0.8984375 0.9640625 0.8859375 0.9671875 0.8625 0.975 0.840625 0.9890625 0.8203125
0 0.1546875 0.3484375 0.159375 0.3578125 0.165625 0.3625 0.16875 0.3796875 0.16875 0.3984375 0.1609375 0.4015625 0.1484375 0.4109375 0.14375 0.4109375 0.1421875 0.4015625 0.134375 0.3859375 0.1328125 0.359375 0.1359375 0.3546875 0.1453125 0.3484375 0.153125 0.3484375
0 0.2484375 0.184375 0.2609375 0.2015625 0.2609375 0.2109375 0.2484375 0.21875 0.2328125 0.2125 0.2265625 0.1921875 0.2328125 0.184375 0.2375 0.1828125 0.246875 0.184375
0 0.2765625 0.1515625 0.2875 0.1625 0.2890625 0.1671875 0.2890625 0.178125 0.2828125 0.1859375 0.278125 0.1859375 0.2734375 0.1765625 0.259375 0.1625 0.2609375 0.153125 0.265625 0.15 0.275 0.1515625
0 0.24375 0.2609375 0.2484375 0.265625 0.2546875 0.278125 0.2546875 0.2859375 0.2515625 0.2921875 0.2484375 0.29375 0.2375 0.2765625 0.23125 0.2734375 0.21875 0.2734375 0.225 0.2625 0.2328125 0.259375 0.2421875 0.2609375
0 0.2421875 0.1546875 0.2484375 0.1625 0.2484375 0.171875 0.2390625 0.1765625 0.23125 0.1765625 0.221875 0.171875 0.2203125 0.1625 0.2234375 0.1578125 0.23125 0.153125 0.240625 0.1546875
0 0.259375 0.1625 0.271875 0.175 0.2765625 0.1875 0.275 0.1953125 0.26875 0.2 0.2640625 0.2 0.2609375 0.196875 0.2609375 0.1921875 0.25 0.175 0.2515625 0.1640625 0.2578125 0.1625
0 0.1578125 0.6078125 0.1609375 0.6125 0.175 0.609375 0.178125 0.6140625 0.184375 0.6484375 0.184375 0.659375 0.1796875 0.6640625 0.1765625 0.671875 0.1671875 0.6796875 0.1546875 0.6828125 0.146875 0.69375 0.1296875 0.7 0.121875 0.7078125 0.11875 0.7234375 0.1125 0.73125 0.096875 0.7234375 0.09375 0.7171875 0.090625 0.703125 0.0921875 0.6765625 0.1015625 0.6625 0.1109375 0.65625 0.121875 0.628125 0.128125 0.625 0.140625 0.6125 0.153125 0.60625 0.15625 0.6078125
1 0.8921875 0.825 0.8984375 0.8203125 0.903125 0.8203125 0.90625 0.8265625 0.9125 0.8296875 0.91875 0.8296875 0.9234375 0.825 0.928125 0.825 0.9453125 0.8421875 0.9421875 0.8609375 0.9390625 0.865625 0.9390625 0.8703125 0.934375 0.875 0.9328125 0.890625 0.925 0.896875 0.909375 0.8796875 0.903125 0.88125 0.8984375 0.8859375 0.896875 0.884375 0.896875 0.875 0.8921875 0.8640625 0.8859375 0.85625 0.8875 0.8359375 0.8921875 0.8265625
2 0.209375 0.159375 0.2109375 0.184375 0.2046875 0.1890625 0.203125 0.1984375 0.1890625 0.2 0.1796875 0.1921875 0.178125 0.1640625 0.19375 0.15625 0.2015625 0.15625 0.2078125 0.159375
2 0.1375 0.1515625 0.1453125 0.165625 0.146875 0.1765625 0.146875 0.1875 0.1375 0.19375 0.13125 0.19375 0.13125 0.178125 0.1296875 0.1765625 0.128125 0.1921875 0.1234375 0.1921875 0.11875 0.1890625 0.1140625 0.184375 0.1140625 0.1734375 0.109375 0.16875 0.115625 0.15625 0.121875 0.153125 0.1359375 0.1515625