0 0.6265625 0.0828125 0.6296875 0.096875 0.6296875 0.1109375 0.6265625 0.121875 0.621875 0.121875 0.6125 0.1171875 0.6140625 0.1 0.6203125 0.0875 0.625 0.084375
0 0.04375 0.228125 0.0515625 0.234375 0.053125 0.2453125 0.04375 0.25 0.0375 0.2484375 0.0359375 0.2375 0.0421875 0.2296875
0 0.0109375 0.2109375 0.0171875 0.2140625 0.01875 0.225 0.015625 0.2328125 0.0109375 0.234375 0.0078125 0.23125 0.00625 0.21875 0.009375 0.2125
0 0.4078125 0.3 0.3984375 0.296875 0.390625 0.3046875 0.3859375 0.3015625 0.38125 0.2859375 0.3828125 0.2734375 0.38125 0.2515625 0.39375 0.2453125 0.403125 0.246875 0.409375 0.275 0.409375 0.2984375
0 0.01875 0.2234375 0.025 0.225 0.0296875 0.23125 0.0296875 0.2453125 0.021875 0.246875 0.0171875 0.2359375 0.01875 0.225
0 0.0609375 0.2828125 0.0703125 0.2921875 0.071875 0.3 0.0703125 0.30625 0.059375 0.3140625 0.0546875 0.3140625 0.05 0.2984375 0.0515625 0.2859375 0.0546875 0.2828125 0.059375 0.2828125
0 0.0578125 0.209375 0.0625 0.2140625 0.0640625 0.2234375 0.05 0.2328125 0.04375 0.225 0.04375 0.2203125 0.046875 0.2125 0.0515625 0.209375 0.05625 0.209375
0 0.15 0.35 0.1578125 0.353125 0.1609375 0.3578125 0.165625 0.390625 0.1640625 0.3984375 0.1421875 0.409375 0.1375 0.40625 0.134375 0.3953125 0.1359375 0.3796875 0.1359375 0.3640625 0.134375 0.3625 0.14375 0.35 0.1484375 0.35
0 0.0828125 0.1984375 0.0875 0.2015625 0.0890625 0.2171875 0.0875 0.221875 0.08125 0.225 0.075 0.2234375 0.0703125 0.215625 0.0671875 0.21875 0.06875 0.203125 0.071875 0.2 0.08125 0.1984375
0 0.0984375 0.3078125 0.1015625 0.3125 0.103125 0.3109375 0.1125 0.3125 0.11875 0.3234375 0.1171875 0.346875 0.1125 0.3515625 0.1078125 0.3484375 0.10625 0.3375 0.103125 0.3421875 0.1046875 0.3515625 0.1015625 0.3546875 0.090625 0.3484375 0.0859375 0.328125 0.0875 0.31875 0.0859375 0.3125 0.09375 0.3125 0.096875 0.309375
0 0.5578125 0.234375 0.5734375 0.2390625 0.584375 0.2578125 0.5953125 0.2640625 0.5984375 0.2703125 0.5984375 0.29375 0.5921875 0.2984375 0.584375 0.2984375 0.58125 0.3015625 0.5640625 0.2859375 0.5546875 0.2875 0.540625 0.2859375 0.5359375 0.278125 0.5328125 0.2640625 0.5390625 0.24375 0.5421875 0.2375 0.5484375 0.234375 0.55625 0.234375
0 0.603125 0.1125 0.6078125 0.1171875 0.6109375 0.128125 0.6125 0.14375 0.6078125 0.153125 0.5921875 0.1515625 0.5890625 0.1421875 0.5890625 0.134375 0.5953125 0.1171875 0.6015625 0.1125
0 0.2015625 0.146875 0.20625 0.1515625 0.20625 0.1609375 0.1953125 0.16875 0.190625 0.16875 0.1859375 0.1625 0.1890625 0.15 0.2 0.146875
0 0.1359375 0.1375 0.14375 0.1390625 0.1515625 0.1515625 0.1515625 0.1578125 0.1421875 0.1640625 0.1375 0.1640625 0.1296875 0.15625 0.1296875 0.14375 0.13125 0.1390625 0.134375 0.1375
0 0.4078125 0.384375 0.4171875 0.3890625 0.428125 0.4015625 0.4296875 0.409375 0.4359375 0.4203125 0.4375 0.43125 0.4359375 0.4453125 0.4265625 0.4609375 0.4125 0.4671875 0.4078125 0.471875 0.403125 0.471875 0.3984375 0.4625 0.3828125 0.4484375 0.3765625 0.446875 0.371875 0.4421875 0.365625 0.4421875 0.3625 0.4359375 0.359375 0.4171875 0.3609375 0.4046875 0.375 0.39375 0.4 0.3828125 0.40625 0.384375
0 0.5015625 0.9265625 0.528125 0.95 0.5375 0.9515625 0.5375 0.9609375 0.540625 0.9625 0.54375 0.971875 0.5578125 0.990625 0.559375 0.9984375 0.4484375 0.9984375 0.446875 0.996875 0.4484375 0.9796875 0.453125 0.965625 0.4671875 0.9421875 0.4859375 0.928125 0.5 0.9265625
0 0.5515625 0.109375 0.55625 0.1140625 0.55625 0.128125 0.553125 0.1328125 0.5421875 0.1375 0.5296875 0.1359375 0.528125 0.128125 0.5296875 0.1125 0.534375 0.1078125 0.55 0.109375
0 0.1890625 0.265625 0.196875 0.26875 0.2015625 0.2765625 0.2046875 0.2828125 0.20625 0.2953125 0.2046875 0.3078125 0.196875 0.3109375 0.1921875 0.315625 0.1875 0.315625 0.1828125 0.3109375 0.1734375 0.3078125 0.175 0.2796875 0.18125 0.2671875 0.1875 0.265625
2 0.0875 0.2296875 0.0921875 0.2375 0.0984375 0.234375 0.1 0.2375 0.1046875 0.2609375 0.1046875 0.2765625 0.0921875 0.2875 0.0796875 0.284375 0.0734375 0.278125 0.0703125 0.2578125 0.0703125 0.2390625 0.0859375 0.23125
2 0.2828125 0.2375 0.296875 0.24375 0.3 0.2484375 0.3 0.265625 0.303125 0.2859375 0.303125 0.309375 0.2953125 0.31875 0.2875 0.3234375 0.271875 0.3234375 0.2625 0.3140625 0.25625 0.3109375 0.25 0.296875 0.25 0.2890625 0.2546875 0.2796875 0.2546875 0.2484375 0.2671875 0.2375 0.28125 0.2375