0 0.15625 0.35 0.1609375 0.3609375 0.165625 0.365625 0.16875 0.3828125 0.16875 0.3984375 0.1609375 0.4015625 0.1484375 0.4109375 0.14375 0.4109375 0.134375 0.384375 0.1328125 0.3609375 0.1453125 0.3484375 0.1546875 0.35
0 0.171875 0.1765625 0.1765625 0.18125 0.178125 0.190625 0.1734375 0.1984375 0.165625 0.2015625 0.15625 0.2015625 0.15 0.196875 0.15 0.1796875 0.1578125 0.175 0.1703125 0.1765625
0 0.08203125 0.31171875 0.03125 0.0375
0 0.2453125 0.178125 0.259375 0.203125 0.259375 0.2109375 0.2515625 0.2171875 0.2375 0.215625 0.2296875 0.2046875 0.228125 0.1921875 0.234375 0.1828125 0.24375 0.178125
0 0.990625 0.8171875 0.9921875 0.825 0.9984375 0.8296875 0.9984375 0.9234375 0.99375 0.9234375 0.9875 0.9171875 0.9765625 0.915625 0.9671875 0.8984375 0.9640625 0.8859375 0.9671875 0.8640625 0.9734375 0.84375 0.9796875 0.83125 0.990625 0.81875
0 0.2515625 0.1734375 0.2578125 0.178125 0.2625 0.1875 0.2625 0.1921875 0.2671875 0.1984375 0.2625 0.2078125 0.259375 0.2078125 0.2546875 0.19375 0.240625 0.18125 0.2453125 0.175 0.25 0.1734375
0 0.025 0.225 0.0328125 0.2234375 0.0375 0.2265625 0.0390625 0.23125 0.0375 0.2421875 0.034375 0.2453125 0.0265625 0.2453125 0.0234375 0.2375 0.025 0.2265625
0 0.1046875 0.3078125 0.1125 0.309375 0.125 0.325 0.1234375 0.3359375 0.1109375 0.3453125 0.1046875 0.34375 0.1015625 0.346875 0.0953125 0.34375 0.090625 0.3375 0.0890625 0.3265625 0.09375 0.3171875 0.1 0.315625 0.1046875 0.309375
0 0.9984375 0.9421875 0.9984375 0.9984375 0.971875 0.9984375 0.98125 0.9671875 0.9875 0.959375 0.99375 0.94375 0.996875 0.94375
0 0.2734375 0.15 0.284375 0.159375 0.2890625 0.16875 0.2890625 0.1765625 0.2828125 0.1859375 0.278125 0.1859375 0.275 0.1828125 0.2734375 0.1765625 0.265625 0.1703125 0.259375 0.1609375 0.2609375 0.153125 0.271875 0.15
0 0.046875 0.26875 0.053125 0.2734375 0.0625 0.275 0.071875 0.2890625 0.071875 0.3 0.06875 0.30625 0.0640625 0.3109375 0.05625 0.3109375 0.0515625 0.303125 0.046875 0.2703125
0 0.240625 0.153125 0.2453125 0.1578125 0.246875 0.165625 0.2421875 0.1734375 0.234375 0.1765625 0.221875 0.1703125 0.221875 0.159375 0.23125 0.153125 0.2390625 0.153125
0 0.265625 0.2015625 0.2609375 0.196875 0.259375 0.1875 0.25 0.175 0.253125 0.1640625 0.259375 0.1625 0.271875 0.1765625 0.2765625 0.1875 0.2734375 0.196875 0.2671875 0.2
1 0.9359375 0.8359375 0.9421875 0.840625 0.9421875 0.8578125 0.9328125 0.878125 0.93125 0.890625 0.925 0.896875 0.9203125 0.896875 0.9171875 0.89375 0.9171875 0.8890625 0.90625 0.88125 0.9046875 0.8765625 0.884375 0.85625 0.8828125 0.8453125 0.8921875 0.825 0.8984375 0.81875 0.909375 0.815625 0.9140625 0.815625 0.9171875 0.81875 0.925 0.8171875 0.925 0.825 0.934375 0.8359375
2 0.2 0.15625 0.2078125 0.1578125 0.2109375 0.1625 0.2109375 0.1828125 0.2015625 0.1890625 0.2015625 0.19375 0.196875 0.1984375 0.1875 0.1984375 0.18125 0.19375 0.178125 0.1828125 0.178125 0.1640625 0.1890625 0.1578125 0.1984375 0.15625
2 0.1375 0.1515625 0.140625 0.153125 0.14375 0.159375 0.146875 0.178125 0.1453125 0.1875 0.1375 0.19375 0.1234375 0.1921875 0.1140625 0.184375 0.1140625 0.16875 0.1125 0.1671875 0.1125 0.1609375 0.1171875 0.1546875 0.1359375 0.1515625