0 0.15625 0.35 0.1578125 0.35625 0.1671875 0.365625 0.1703125 0.396875 0.159375 0.4015625 0.1484375 0.4109375 0.14375 0.4109375 0.1421875 0.4015625 0.1359375 0.390625 0.1328125 0.3609375 0.1453125 0.3484375 0.1546875 0.35
0 0.1640625 0.18828125 0.0296875 0.02890625
0 0.084375 0.2921875 0.0953125 0.3046875 0.096875 0.3109375 0.090625 0.321875 0.0828125 0.328125 0.078125 0.3234375 0.0734375 0.3265625 0.0671875 0.321875 0.0671875 0.309375 0.071875 0.3 0.078125 0.2921875 0.0828125 0.2921875
0 0.240625 0.1859375 0.246875 0.1875 0.2609375 0.20625 0.259375 0.2109375 0.25 0.2171875 0.2359375 0.2140625 0.23125 0.2078125 0.2296875 0.1921875 0.2390625 0.1859375
0 0.990625 0.8171875 0.990625 0.8234375 0.9984375 0.8296875 0.9984375 0.9234375 0.9953125 0.9234375 0.9875 0.9171875 0.9796875 0.9171875 0.975 0.9140625 0.9671875 0.8984375 0.9640625 0.8859375 0.9671875 0.8640625 0.975 0.840625 0.9828125 0.8265625 0.990625 0.81875
0 0.2515625 0.175 0.259375 0.1828125 0.265625 0.1984375 0.265625 0.203125 0.2625 0.20625 0.2453125 0.1890625 0.240625 0.1859375 0.2359375 0.1859375 0.2421875 0.178125 0.25 0.175
0 0.05 0.16328125 0.015625 0.01796875
0 0.1046875 0.3078125 0.1125 0.309375 0.125 0.325 0.1234375 0.3359375 0.109375 0.3484375 0.10625 0.346875 0.1015625 0.3484375 0.096875 0.3453125 0.090625 0.3375 0.0890625 0.3265625 0.0921875 0.3203125 0.096875 0.315625 0.1 0.315625 0.1046875 0.309375
0 0.9953125 0.9453125 0.9984375 0.9515625 0.9984375 0.9984375 0.971875 0.9984375 0.9796875 0.9796875 0.98125 0.965625 0.99375 0.946875
0 0.275 0.1515625 0.284375 0.159375 0.2890625 0.16875 0.2890625 0.1765625 0.2828125 0.1859375 0.278125 0.1859375 0.2734375 0.175 0.2640625 0.16875 0.2578125 0.1609375 0.2609375 0.153125 0.2671875 0.15 0.2734375 0.1515625
0 0.046875 0.26875 0.05 0.26875 0.0546875 0.275 0.0625 0.275 0.071875 0.2890625 0.071875 0.2984375 0.0671875 0.3078125 0.0640625 0.3109375 0.05625 0.3109375 0.046875 0.2703125
0 0.2421875 0.153125 0.2484375 0.1625 0.2484375 0.171875 0.240625 0.1765625 0.23125 0.1765625 0.225 0.1734375 0.221875 0.16875 0.221875 0.1609375 0.228125 0.1546875 0.240625 0.153125
0 0.2546875 0.1625 0.2609375 0.159375 0.2671875 0.1640625 0.2765625 0.175 0.2765625 0.1796875 0.2796875 0.184375 0.275 0.1953125 0.271875 0.1984375 0.265625 0.1984375 0.2609375 0.1859375 0.253125 0.1765625 0.2546875 0.1640625
1 0.925 0.825 0.934375 0.8359375 0.9421875 0.840625 0.94375 0.8453125 0.9421875 0.8578125 0.934375 0.875 0.93125 0.890625 0.9265625 0.8953125 0.921875 0.896875 0.91875 0.8953125 0.9171875 0.8875 0.9046875 0.8796875 0.90625 0.8703125 0.9046875 0.86875 0.9015625 0.8734375 0.896875 0.871875 0.8828125 0.8515625 0.884375 0.8390625 0.890625 0.8265625 0.9015625 0.8171875 0.9140625 0.815625 0.9171875 0.8265625 0.91875 0.828125 0.9234375 0.8265625
2 0.1984375 0.15625 0.2078125 0.1578125 0.2109375 0.1609375 0.2109375 0.1828125 0.2046875 0.1890625 0.2046875 0.19375 0.2015625 0.1984375 0.1921875 0.1984375 0.1890625 0.203125 0.1890625 0.2 0.1796875 0.1921875 0.178125 0.1640625 0.1890625 0.1578125 0.196875 0.15625
2 0.1296875 0.1734375 0.0359375 0.04453125
2 0.1921875 0.1984375 0.2 0.2 0.2109375 0.1890625 0.2140625 0.190625 0.215625 0.196875 0.2234375 0.203125 0.228125 0.215625 0.228125 0.2234375 0.2234375 0.234375 0.2109375 0.2359375 0.203125 0.228125 0.1984375 0.228125 0.190625 0.2203125 0.1875 0.203125 0.1875 0.2 0.190625 0.2