0 0.3859375 0.346875 0.390625 0.3515625 0.4015625 0.3765625 0.403125 0.384375 0.4015625 0.396875 0.3921875 0.4140625 0.3828125 0.4125 0.36875 0.4234375 0.365625 0.4234375 0.3546875 0.4328125 0.35 0.44375 0.3453125 0.446875 0.3375 0.4421875 0.33125 0.44375 0.3234375 0.4359375 0.3203125 0.4296875 0.3203125 0.403125 0.325 0.3921875 0.3375 0.384375 0.3453125 0.365625 0.35625 0.3546875 0.371875 0.3453125 0.384375 0.346875
0 0.9828125 0.2125 0.9875 0.2171875 0.9875 0.2296875 0.9796875 0.2296875 0.9734375 0.2234375 0.975 0.2171875 0.98125 0.2125
0 0.84375 0.1515625 0.8484375 0.1546875 0.8515625 0.1625 0.8515625 0.178125 0.846875 0.18125 0.8375 0.18125 0.828125 0.1734375 0.8296875 0.1625 0.834375 0.15625 0.8421875 0.1515625
0 0.8515625 0.14375 0.8640625 0.1390625 0.86875 0.15 0.865625 0.1609375 0.8578125 0.1640625 0.85 0.15625 0.8515625 0.1453125
0 0.93125 0.1515625 0.9359375 0.153125 0.9390625 0.1578125 0.940625 0.1625 0.9390625 0.1734375 0.9265625 0.171875 0.925 0.1609375 0.9296875 0.153125
0 0.8359375 0.3984375 0.834375 0.39375 0.8359375 0.3625 0.8390625 0.3546875 0.8453125 0.35 0.853125 0.35 0.8640625 0.3625 0.8625 0.3640625 0.8640625 0.390625 0.859375 0.40625 0.8375 0.3984375
0 0.7578125 0.2 0.03671875 0.0359375
0 0.9234375 0.2859375 0.925 0.2875 0.925 0.30625 0.9171875 0.3203125 0.9125 0.3203125 0.909375 0.3171875 0.9078125 0.303125 0.9171875 0.2875 0.921875 0.2859375
0 0.9 0.30625 0.90625 0.3203125 0.9 0.3421875 0.8984375 0.34375 0.8921875 0.3421875 0.8859375 0.35 0.8828125 0.3484375 0.878125 0.3375 0.878125 0.328125 0.884375 0.3140625 0.8890625 0.3109375 0.8953125 0.3125 0.8984375 0.3078125
0 0.5171875 0.1859375 0.5234375 0.190625 0.53125 0.209375 0.5375 0.2125 0.5390625 0.21875 0.5375 0.2390625 0.53125 0.2375 0.515625 0.2390625 0.5046875 0.2265625 0.4953125 0.221875 0.49375 0.2 0.4984375 0.1875 0.503125 0.184375 0.515625 0.1859375
0 0.9390625 0.2984375 0.02109375 0.03359375
0 0.7546875 0.1609375 0.7640625 0.1640625 0.7671875 0.171875 0.7671875 0.184375 0.7578125 0.1890625 0.74375 0.190625 0.7390625 0.19375 0.7359375 0.18125 0.7421875 0.1640625 0.753125 0.1625
0 0.965625 0.1546875 0.96875 0.1578125 0.96875 0.1625 0.9609375 0.171875 0.9546875 0.1703125 0.953125 0.1578125 0.9640625 0.1546875
0 0.7015625 0.15 0.70625 0.1546875 0.7078125 0.165625 0.70625 0.1796875 0.703125 0.1828125 0.6890625 0.1828125 0.684375 0.1859375 0.6703125 0.18125 0.6671875 0.175 0.6671875 0.1640625 0.6765625 0.15625 0.6796875 0.15 0.7 0.15
0 0.8859375 0.3171875 0.8921875 0.33125 0.903125 0.3171875 0.9125 0.325 0.9078125 0.346875 0.896875 0.35625 0.89375 0.35625 0.8921875 0.3484375 0.8890625 0.346875 0.8859375 0.35 0.88125 0.346875 0.8796875 0.3421875 0.8828125 0.3203125 0.8859375 0.31875
1 0.003125 0.484375 0.00625 0.4859375 0.009375 0.4828125 0.009375 0.475 0.0140625 0.46875 0.01875 0.471875 0.0203125 0.48125 0.01875 0.4984375 0.0140625 0.5046875 0.0046875 0.5109375 0 0.5109375 0 0.4890625 0.003125 0.4859375
1 0.725 0.175 0.728125 0.1796875 0.728125 0.1890625 0.7234375 0.2 0.715625 0.1984375 0.7140625 0.1953125 0.715625 0.18125 0.7234375 0.175
3 0.6984375 0.2296875 0.715625 0.2296875 0.73125 0.2375 0.74375 0.2390625 0.753125 0.2515625 0.7625 0.275 0.7609375 0.290625 0.7515625 0.29375 0.746875 0.29375 0.7421875 0.2890625 0.73125 0.2859375 0.71875 0.284375 0.7078125 0.2859375 0.69375 0.2734375 0.6921875 0.2453125 0.69375 0.2375 0.6984375 0.23125