0 0.2515625 0.16875 0.2640625 0.1671875 0.2703125 0.175 0.2734375 0.175 0.278125 0.1796875 0.2796875 0.184375 0.2765625 0.196875 0.265625 0.203125 0.2625 0.1953125 0.2546875 0.1859375 0.2546875 0.1828125 0.2484375 0.1765625 0.2515625 0.1703125
0 0.490625 0.1640625 0.4953125 0.16875 0.4984375 0.1796875 0.4984375 0.1921875 0.490625 0.2 0.484375 0.2 0.4796875 0.203125 0.4703125 0.2125 0.453125 0.2125 0.4515625 0.2109375 0.453125 0.1890625 0.4625 0.1828125 0.465625 0.175 0.471875 0.16875 0.48125 0.1640625 0.4890625 0.1640625
0 0.178125 0.175 0.1828125 0.1765625 0.1890625 0.1859375 0.1890625 0.1984375 0.1796875 0.203125 0.16875 0.2015625 0.165625 0.1984375 0.165625 0.18125 0.16875 0.1765625 0.1765625 0.175
0 0.1140625 0.246875 0.1203125 0.2515625 0.1234375 0.2578125 0.1234375 0.2671875 0.121875 0.2734375 0.109375 0.284375 0.1 0.275 0.1 0.2625 0.103125 0.25 0.1125 0.246875
0 0.1546875 0.153125 0.1578125 0.1546875 0.165625 0.171875 0.1609375 0.18125 0.1546875 0.175 0.1453125 0.1734375 0.140625 0.1671875 0.140625 0.1609375 0.14375 0.15625 0.1484375 0.153125 0.153125 0.153125
0 0.1953125 0.1796875 0.20625 0.178125 0.215625 0.1875 0.21875 0.196875 0.2140625 0.2078125 0.2078125 0.2109375 0.1953125 0.209375 0.190625 0.1984375 0.1921875 0.184375 0.1953125 0.18125
0 0.1578125 0.3515625 0.1640625 0.3671875 0.1625 0.375 0.1640625 0.3953125 0.1625 0.3984375 0.140625 0.409375 0.134375 0.3953125 0.1359375 0.38125 0.134375 0.359375 0.14375 0.35 0.15625 0.3515625
0 0.153125 0.175 0.1609375 0.184375 0.1609375 0.1921875 0.15625 0.1984375 0.1390625 0.1984375 0.1375 0.196875 0.1390625 0.1765625 0.1515625 0.175
0 0.0609375 0.2828125 0.0703125 0.29375 0.0703125 0.3046875 0.059375 0.3140625 0.053125 0.3125 0.05 0.2984375 0.0515625 0.2875 0.059375 0.2828125
0 0.246875 0.178125 0.253125 0.1828125 0.2625 0.2 0.2578125 0.2109375 0.2515625 0.2125 0.2453125 0.21875 0.2421875 0.2171875 0.234375 0.21875 0.228125 0.1984375 0.2296875 0.1859375 0.2359375 0.1796875 0.2453125 0.178125
0 0.175 0.1625 0.1890625 0.1609375 0.1921875 0.16875 0.1921875 0.1796875 0.1875 0.184375 0.1828125 0.178125 0.1734375 0.1734375 0.175 0.1640625
0 0.2953125 0.1515625 0.3109375 0.1671875 0.3109375 0.1796875 0.303125 0.1859375 0.2828125 0.184375 0.278125 0.1734375 0.28125 0.1578125 0.29375 0.1515625
0 0.271875 0.146875 0.278125 0.15625 0.2765625 0.1734375 0.2703125 0.1734375 0.2609375 0.165625 0.253125 0.16875 0.25 0.165625 0.25 0.1515625 0.253125 0.1484375 0.2703125 0.146875
0 0.1078125 0.3109375 0.115625 0.3171875 0.1203125 0.328125 0.1203125 0.3359375 0.115625 0.3484375 0.1125 0.35 0.109375 0.346875 0.10625 0.35 0.10625 0.35625 0.1015625 0.35625 0.0953125 0.3484375 0.090625 0.346875 0.0875 0.3328125 0.0875 0.325 0.090625 0.3203125 0.0984375 0.3125 0.1015625 0.3140625 0.10625 0.3109375
1 0.325 0.1546875 0.334375 0.1640625 0.334375 0.1765625 0.3234375 0.178125 0.3203125 0.1734375 0.31875 0.1640625 0.3234375 0.15625