0 0.11875 0.15 0.1265625 0.1609375 0.1265625 0.1671875 0.1203125 0.1734375 0.1125 0.1734375 0.109375 0.1703125 0.1109375 0.1515625 0.1171875 0.15
0 0.2609375 0.1875 0.2765625 0.203125 0.275 0.2140625 0.2625 0.221875 0.246875 0.21875 0.2390625 0.203125 0.2453125 0.190625 0.2515625 0.1875 0.259375 0.1875
0 0.146875 0.14375 0.15 0.1484375 0.15 0.159375 0.1421875 0.1625 0.1328125 0.1609375 0.13125 0.146875 0.134375 0.140625 0.1453125 0.14375
0 0.2546875 0.1578125 0.259375 0.1625 0.2609375 0.1734375 0.2484375 0.18125 0.234375 0.1796875 0.23125 0.1765625 0.2296875 0.1609375 0.2359375 0.1546875 0.25 0.1546875 0.253125 0.1578125
0 0.0640625 0.4890625 0.078125 0.4953125 0.0875 0.490625 0.0953125 0.4953125 0.0984375 0.50625 0.0984375 0.525 0.0921875 0.534375 0.0828125 0.5359375 0.071875 0.5484375 0.0671875 0.55 0.0546875 0.5625 0.053125 0.56875 0.0484375 0.5734375 0.0375 0.5734375 0.0328125 0.5625 0.03125 0.553125 0.0328125 0.5125 0.040625 0.5015625 0.05 0.49375 0.0578125 0.4890625 0.0625 0.4890625
0 0.15 0.3796875 0.0328125 0.059375
0 0.0609375 0.2984375 0.02109375 0.03359375
0 0.1 0.325 0.10625 0.3375 0.10625 0.3546875 0.103125 0.3578125 0.0890625 0.346875 0.0890625 0.340625 0.084375 0.3296875 0.084375 0.325 0.0921875 0.31875 0.0984375 0.325
0 0.209375 0.2 0.228125 0.196875 0.24375 0.215625 0.240625 0.2265625 0.23125 0.2328125 0.2234375 0.2296875 0.209375 0.23125 0.20625 0.225 0.20625 0.2109375 0.209375 0.2015625
0 0.278125 0.165625 0.03203125 0.0359375
1 0.990625 0.4875 0.9984375 0.4875 0.9984375 0.5328125 0.99375 0.53125 0.990625 0.5203125 0.990625 0.4890625
1 0.0484375 0.15625 0.0546875 0.1671875 0.053125 0.1734375 0.0453125 0.1734375 0.04375 0.1703125 0.0421875 0.1625 0.04375 0.1578125 0.046875 0.15625