0 0.621875 0.09375 0.628125 0.096875 0.6296875 0.103125 0.6265625 0.1203125 0.61875 0.128125 0.615625 0.128125 0.6109375 0.1234375 0.6078125 0.1125 0.6140625 0.096875 0.6203125 0.09375
0 0.0515625 0.2078125 0.0609375 0.2140625 0.0640625 0.2234375 0.0640625 0.2265625 0.053125 0.2359375 0.0453125 0.234375 0.0421875 0.2296875 0.0421875 0.2125 0.05 0.2078125
0 0.1328125 0.1375 0.14375 0.1390625 0.1515625 0.1515625 0.1515625 0.1578125 0.14375 0.1640625 0.140625 0.165625 0.1328125 0.1609375 0.1296875 0.15625 0.1296875 0.1453125 0.1328125 0.1390625
0 0.5796875 0.109375 0.5859375 0.1203125 0.584375 0.1375 0.58125 0.14375 0.5671875 0.14375 0.5625 0.1390625 0.5625 0.1265625 0.565625 0.1140625 0.571875 0.1078125 0.578125 0.109375
0 0.096875 0.2625 0.0953125 0.259375 0.0921875 0.2640625 0.0859375 0.2609375 0.0859375 0.2484375 0.096875 0.2375 0.1015625 0.2375 0.1109375 0.246875 0.1109375 0.2546875 0.1046875 0.2609375 0.0984375 0.2625
0 0.01875 0.2 0.0265625 0.203125 0.028125 0.20625 0.0265625 0.215625 0.0203125 0.221875 0.015625 0.221875 0.0125 0.2109375 0.0171875 0.2015625
0 0.14375 0.35 0.153125 0.35 0.159375 0.3546875 0.1625 0.3625 0.1640625 0.378125 0.1625 0.3984375 0.14375 0.4078125 0.1390625 0.4078125 0.134375 0.3921875 0.134375 0.3796875 0.1359375 0.378125 0.1359375 0.3625 0.14375 0.3515625
0 0.2296875 0.2875 0.234375 0.2859375 0.246875 0.2890625 0.2515625 0.2984375 0.2546875 0.3 0.2578125 0.3125 0.2578125 0.325 0.2453125 0.3421875 0.234375 0.34375 0.2296875 0.3375 0.21875 0.334375 0.2140625 0.328125 0.2140625 0.315625 0.2171875 0.30625 0.2265625 0.296875 0.2296875 0.2890625
0 0.084375 0.2984375 0.0890625 0.3015625 0.090625 0.3125 0.09375 0.3125 0.0984375 0.30625 0.1015625 0.3125 0.1046875 0.3109375 0.1125 0.3125 0.1203125 0.328125 0.1203125 0.3390625 0.115625 0.3484375 0.1125 0.35 0.10625 0.3484375 0.103125 0.340625 0.0984375 0.340625 0.0953125 0.346875 0.0921875 0.34375 0.090625 0.3375 0.0921875 0.33125 0.0890625 0.3265625 0.0921875 0.315625 0.0859375 0.3109375 0.084375 0.3
0 0.0609375 0.2828125 0.06875 0.290625 0.0703125 0.3015625 0.0578125 0.3140625 0.053125 0.3109375 0.0515625 0.2859375 0.05625 0.28125 0.059375 0.2828125
0 0.58125 0.0921875 0.5875 0.09375 0.5921875 0.1015625 0.5921875 0.1125 0.584375 0.125 0.5828125 0.1421875 0.5671875 0.14375 0.5625 0.1390625 0.5671875 0.1 0.5796875 0.09375
0 0.3859375 0.340625 0.4 0.3515625 0.40625 0.3640625 0.4109375 0.3765625 0.4109375 0.3984375 0.40625 0.4046875 0.396875 0.4109375 0.390625 0.4109375 0.3828125 0.41875 0.3796875 0.41875 0.375 0.409375 0.3625 0.3984375 0.353125 0.39375 0.3484375 0.39375 0.3453125 0.3796875 0.3453125 0.3609375 0.359375 0.3515625 0.365625 0.35 0.375 0.3421875 0.384375 0.340625
0 0.5609375 0.084375 0.565625 0.0875 0.565625 0.1015625 0.5625 0.115625 0.553125 0.115625 0.55 0.109375 0.553125 0.0875 0.559375 0.084375
0 0.603125 0.115625 0.609375 0.1234375 0.6109375 0.134375 0.60625 0.1515625 0.5984375 0.15625 0.5921875 0.1546875 0.5921875 0.15 0.5859375 0.146875 0.584375 0.1421875 0.590625 0.11875 0.59375 0.115625 0.6015625 0.115625
2 0.44375 0.7046875 0.4484375 0.7078125 0.4609375 0.7078125 0.4703125 0.715625 0.4734375 0.7234375 0.478125 0.7265625 0.5046875 0.7609375 0.5390625 0.7921875 0.5421875 0.7984375 0.5484375 0.803125 0.5890625 0.8515625 0.5859375 0.925 0.584375 0.9265625 0.584375 0.9421875 0.5796875 0.953125 0.578125 0.971875 0.559375 0.9953125 0.5515625 0.9984375 0.5 0.9984375 0.4890625 0.9859375 0.478125 0.9828125 0.4703125 0.971875 0.4640625 0.9546875 0.4484375 0.934375 0.446875 0.9265625 0.440625 0.91875 0.4328125 0.9015625 0.4265625 0.896875 0.415625 0.8796875 0.4078125 0.8734375 0.4046875 0.865625 0.38125 0.8359375 0.375 0.8109375 0.371875 0.7859375 0.3734375 0.7625 0.3796875 0.75 0.3875 0.740625 0.4109375 0.71875 0.425 0.7140625 0.4375 0.7046875 0.4421875 0.7046875