0 0.071875 0.39375 0.0765625 0.396875 0.0796875 0.40625 0.0875 0.415625 0.0890625 0.4359375 0.0859375 0.4484375 0.0796875 0.4578125 0.0703125 0.4609375 0.0546875 0.4734375 0.046875 0.48125 0.0421875 0.490625 0.025 0.4875 0.0234375 0.4828125 0.025 0.4515625 0.0375 0.434375 0.0453125 0.4125 0.0578125 0.4 0.0703125 0.39375
0 0.4203125 0.109375 0.428125 0.1078125 0.4359375 0.1125 0.4453125 0.121875 0.446875 0.128125 0.446875 0.146875 0.4453125 0.1484375 0.4265625 0.1484375 0.421875 0.1421875 0.4203125 0.1328125 0.4171875 0.128125 0.4171875 0.1125 0.4203125 0.1109375
0 0.94375 0.1546875 0.946875 0.1625 0.9453125 0.1703125 0.9375 0.1765625 0.93125 0.1703125 0.93125 0.1625 0.9359375 0.1546875 0.9390625 0.153125 0.9421875 0.1546875
0 0.8609375 0.3546875 0.8640625 0.3609375 0.8625 0.36875 0.8640625 0.390625 0.859375 0.4078125 0.834375 0.396875 0.834375 0.365625 0.8390625 0.353125 0.846875 0.35 0.8546875 0.35 0.859375 0.3546875
0 0.871875 0.1515625 0.875 0.1578125 0.871875 0.175 0.85625 0.171875 0.8578125 0.159375 0.8625 0.1546875 0.8703125 0.1515625
0 0 0.4703125 0.0046875 0.48125 0.0046875 0.4984375 0.003125 0.5078125 0 0.5125 0 0.471875
0 0.9421875 0.28125 0.9484375 0.29375 0.946875 0.30625 0.9421875 0.3140625 0.9390625 0.3140625 0.928125 0.3015625 0.9296875 0.290625 0.940625 0.28125
0 0.440625 0.1578125 0.446875 0.1640625 0.4515625 0.1765625 0.459375 0.1875 0.459375 0.2109375 0.4546875 0.2171875 0.453125 0.215625 0.4390625 0.2171875 0.434375 0.2140625 0.43125 0.20625 0.4234375 0.1984375 0.421875 0.1625 0.4265625 0.1578125 0.4328125 0.15625 0.4390625 0.1578125
0 0.678125 0.15 0.69375 0.1515625 0.6890625 0.178125 0.684375 0.184375 0.671875 0.18125 0.665625 0.171875 0.6671875 0.1625 0.671875 0.1609375 0.678125 0.1515625
0 0.4359375 0.21875 0.4453125 0.225 0.4484375 0.2453125 0.4421875 0.2734375 0.4375 0.265625 0.434375 0.2671875 0.4265625 0.275 0.4234375 0.2859375 0.4 0.2828125 0.3984375 0.2546875 0.409375 0.2421875 0.415625 0.225 0.4234375 0.21875 0.434375 0.21875
0 0.90625 0.31875 0.9125 0.3234375 0.9078125 0.3484375 0.9046875 0.3484375 0.896875 0.3578125 0.8921875 0.35625 0.8953125 0.3328125 0.9046875 0.3203125
0 0.865625 0.1390625 0.86875 0.1421875 0.86875 0.1546875 0.859375 0.1609375 0.85 0.1609375 0.8484375 0.15 0.8515625 0.1421875 0.85625 0.1390625 0.8640625 0.1390625
0 0.44375 0.090625 0.4484375 0.1 0.4484375 0.1171875 0.4453125 0.1203125 0.4265625 0.1015625 0.43125 0.090625 0.4421875 0.090625
0 0.4 0.1125 0.4046875 0.11875 0.4125 0.1203125 0.4171875 0.128125 0.41875 0.1328125 0.4171875 0.1484375 0.409375 0.1484375 0.4046875 0.1546875 0.4 0.1546875 0.3921875 0.146875 0.3890625 0.1203125 0.3984375 0.1140625
1 0.721875 0.178125 0.7265625 0.1796875 0.728125 0.1859375 0.725 0.1984375 0.721875 0.2 0.715625 0.1984375 0.7140625 0.1953125 0.715625 0.1828125 0.7203125 0.178125