0 0.75625 0.5578125 0.7625 0.5578125 0.7671875 0.5625 0.775 0.565625 0.778125 0.5625 0.7890625 0.5625 0.7921875 0.5703125 0.7953125 0.5734375 0.8 0.5703125 0.8046875 0.575 0.8078125 0.5828125 0.8046875 0.6046875 0.7953125 0.6015625 0.79375 0.596875 0.7984375 0.5921875 0.7984375 0.5890625 0.79375 0.5859375 0.7953125 0.5734375 0.79375 0.571875 0.790625 0.5734375 0.790625 0.584375 0.7859375 0.5921875 0.7859375 0.6046875 0.78125 0.6171875 0.778125 0.6375 0.775 0.640625 0.7703125 0.6359375 0.7640625 0.6359375 0.7578125 0.6296875 0.753125 0.615625 0.7484375 0.6109375 0.7453125 0.6109375 0.740625 0.6046875 0.74375 0.5828125 0.75625 0.559375
0 0.959375 0.275 0.9625 0.2765625 0.9625 0.296875 0.95625 0.2984375 0.9546875 0.2796875 0.9578125 0.2765625
0 0.9203125 0.290625 0.934375 0.3140625 0.93125 0.3234375 0.9234375 0.33125 0.915625 0.3296875 0.9078125 0.321875 0.9015625 0.3109375 0.903125 0.3046875 0.9109375 0.2984375 0.9140625 0.2921875 0.91875 0.290625
0 0.0078125 0.8171875 0.0109375 0.8234375 0.015625 0.8265625 0.025 0.84375 0.034375 0.8796875 0.0328125 0.89375 0.0234375 0.9140625 0.01875 0.9171875 0.0109375 0.9171875 0.0046875 0.9234375 0 0.9234375 0 0.8296875 0.00625 0.8234375 0.0078125 0.81875
0 0.8265625 0.175 0.846875 0.175 0.8484375 0.18125 0.8484375 0.196875 0.840625 0.2015625 0.8328125 0.2015625 0.8234375 0.1984375 0.8203125 0.1921875 0.821875 0.18125 0.8265625 0.1765625
0 0.8546875 0.35 0.865625 0.359375 0.8640625 0.3859375 0.85625 0.4 0.8546875 0.4109375 0.85 0.4109375 0.8375 0.4015625 0.828125 0.3984375 0.8328125 0.3625 0.8390625 0.3578125 0.84375 0.3484375 0.853125 0.35
0 0.75 0.1796875 0.7640625 0.18125 0.771875 0.190625 0.7671875 0.2109375 0.759375 0.215625 0.746875 0.2171875 0.740625 0.2109375 0.7375 0.2109375 0.7359375 0.2046875 0.740625 0.1921875 0.75 0.18125
0 0.9046875 0.315625 0.9078125 0.321875 0.9078125 0.3375 0.896875 0.3484375 0.8890625 0.3484375 0.8765625 0.3390625 0.8734375 0.3359375 0.8734375 0.325 0.878125 0.3171875 0.8890625 0.3078125 0.89375 0.3078125 0.896875 0.315625 0.903125 0.315625
0 0 0.94375 0.0046875 0.946875 0.0109375 0.9609375 0.015625 0.965625 0.01875 0.98125 0.0265625 0.9953125 0.0265625 0.9984375 0 0.9984375 0 0.9453125
0 0.73125 0.15 0.7390625 0.1546875 0.7390625 0.1625 0.725 0.1765625 0.7203125 0.1859375 0.715625 0.1859375 0.7125 0.1828125 0.709375 0.1765625 0.709375 0.16875 0.7125 0.1609375 0.7203125 0.153125 0.725 0.15 0.7296875 0.15
0 0.7703125 0.1546875 0.7765625 0.159375 0.778125 0.1703125 0.7671875 0.1765625 0.7578125 0.1765625 0.75 0.1734375 0.75 0.1625 0.759375 0.153125 0.76875 0.1546875
0 0.7359375 0.2578125 0.746875 0.2625 0.7578125 0.2734375 0.7625 0.275 0.765625 0.2828125 0.7703125 0.2875 0.7734375 0.3 0.76875 0.3125 0.7546875 0.3078125 0.7328125 0.309375 0.7296875 0.30625 0.7296875 0.3015625 0.7203125 0.2953125 0.7171875 0.2859375 0.71875 0.26875 0.7265625 0.2578125 0.734375 0.2578125
0 0.740625 0.1609375 0.746875 0.1671875 0.746875 0.1765625 0.7375 0.1921875 0.7375 0.196875 0.734375 0.2 0.7265625 0.1984375 0.7234375 0.1953125 0.721875 0.1859375 0.7265625 0.175 0.7390625 0.1625
1 0.0671875 0.8171875 0.0734375 0.8203125 0.084375 0.81875 0.103125 0.8265625 0.10625 0.83125 0.1109375 0.85 0.109375 0.8609375 0.1 0.86875 0.096875 0.875 0.0953125 0.8796875 0.096875 0.8890625 0.0859375 0.884375 0.078125 0.8890625 0.0765625 0.896875 0.0734375 0.9 0.065625 0.896875 0.0625 0.89375 0.059375 0.8765625 0.053125 0.8671875 0.05 0.85 0.0578125 0.8375 0.0609375 0.8359375 0.0671875 0.81875
2 0.803125 0.15625 0.8203125 0.1640625 0.81875 0.1921875 0.8109375 0.1984375 0.7953125 0.1984375 0.79375 0.1890625 0.7875 0.184375 0.7875 0.1625 0.7921875 0.1578125 0.8015625 0.15625
2 0.86875 0.153125 0.8828125 0.15625 0.8890625 0.165625 0.8890625 0.1703125 0.884375 0.1734375 0.8828125 0.1859375 0.875 0.1921875 0.8671875 0.19375 0.8609375 0.19375 0.8515625 0.1875 0.853125 0.165625 0.85625 0.1578125 0.8609375 0.1515625 0.8671875 0.153125