0 0.9 0.3046875 0.903125 0.309375 0.909375 0.309375 0.90625 0.3171875 0.909375 0.321875 0.909375 0.3296875 0.9046875 0.3484375 0.896875 0.3515625 0.8953125 0.35 0.8953125 0.3375 0.8921875 0.3328125 0.8875 0.3484375 0.8828125 0.3484375 0.878125 0.340625 0.878125 0.3265625 0.88125 0.31875 0.8859375 0.3125 0.8890625 0.3109375 0.8953125 0.3125 0.9 0.30625
0 0.9875 0.2015625 0.990625 0.203125 0.99375 0.2109375 0.99375 0.221875 0.990625 0.225 0.984375 0.2234375 0.9859375 0.203125
0 0.3859375 0.2546875 0.396875 0.265625 0.4015625 0.275 0.403125 0.28125 0.4015625 0.309375 0.39375 0.3171875 0.3796875 0.3171875 0.3671875 0.3234375 0.3609375 0.3234375 0.3515625 0.3296875 0.3421875 0.328125 0.334375 0.3203125 0.3359375 0.29375 0.3453125 0.284375 0.353125 0.26875 0.3578125 0.2640625 0.3765625 0.2546875 0.384375 0.2546875
0 0.371875 0.096875 0.3828125 0.0953125 0.3890625 0.1015625 0.3890625 0.1078125 0.39375 0.1171875 0.3890625 0.13125 0.3734375 0.128125 0.371875 0.1265625 0.371875 0.0984375
0 0.7953125 0.2328125 0.8046875 0.2375 0.8125 0.246875 0.8125 0.25625 0.8046875 0.265625 0.803125 0.2734375 0.796875 0.2734375 0.7828125 0.2671875 0.7765625 0.2609375 0.771875 0.2484375 0.771875 0.2375 0.775 0.2359375 0.7796875 0.2375 0.78125 0.234375 0.790625 0.23125 0.79375 0.2328125
0 0.825 0.25625 0.834375 0.2640625 0.840625 0.2734375 0.840625 0.2859375 0.8375 0.29375 0.8265625 0.2859375 0.8203125 0.2953125 0.8125 0.29375 0.80625 0.2890625 0.80625 0.2671875 0.8140625 0.25625 0.8171875 0.2546875 0.8234375 0.25625
0 0.75 0.1640625 0.759375 0.1578125 0.7734375 0.1578125 0.7765625 0.1625 0.775 0.1828125 0.7578125 0.1890625 0.746875 0.184375 0.7453125 0.175 0.75 0.165625
0 0.940625 0.28125 0.94375 0.2828125 0.9484375 0.2921875 0.9453125 0.3109375 0.9390625 0.3140625 0.9296875 0.3046875 0.9265625 0.2984375 0.928125 0.2921875 0.9390625 0.2828125
0 0.840625 0.3515625 0.8546875 0.35 0.8609375 0.3578125 0.8640625 0.3875 0.8609375 0.40625 0.8578125 0.409375 0.8359375 0.3984375 0.834375 0.3953125 0.8359375 0.3625 0.840625 0.353125
0 0.34375 0.0171875 0.3515625 0.015625 0.3546875 0.0203125 0.3546875 0.0296875 0.3453125 0.03125 0.3421875 0.0265625 0.34375 0.01875
0 0.809375 0.1546875 0.8140625 0.1578125 0.8203125 0.1578125 0.8234375 0.1609375 0.8234375 0.1734375 0.8203125 0.1765625 0.809375 0.1765625 0.8015625 0.1734375 0.8 0.1609375 0.803125 0.1546875 0.8078125 0.1546875
0 0.9203125 0.2296875 0.9265625 0.2328125 0.9296875 0.2375 0.928125 0.2484375 0.9203125 0.2546875 0.9078125 0.2484375 0.90625 0.24375 0.9078125 0.2296875 0.909375 0.228125 0.91875 0.2296875
0 0.8578125 0.165625 0.846875 0.1578125 0.8484375 0.146875 0.853125 0.1421875 0.8625 0.14375 0.865625 0.1546875 0.8640625 0.1609375 0.859375 0.1640625
0 0.6125 0.2890625 0.628125 0.296875 0.63125 0.3109375 0.6203125 0.3265625 0.6140625 0.328125 0.6046875 0.3359375 0.6015625 0.3453125 0.59375 0.340625 0.590625 0.3421875 0.5859375 0.3375 0.5765625 0.334375 0.56875 0.325 0.56875 0.315625 0.5734375 0.309375 0.5734375 0.3046875 0.5890625 0.2890625 0.596875 0.2859375 0.6046875 0.2859375 0.6109375 0.2890625
0 0.9765625 0.1890625 0.9796875 0.190625 0.9828125 0.196875 0.98125 0.2078125 0.971875 0.20625 0.965625 0.1984375 0.965625 0.1921875 0.971875 0.1875 0.975 0.1890625
0 0.6890625 0.146875 0.7 0.15 0.709375 0.15 0.7125 0.15625 0.7125 0.171875 0.70625 0.178125 0.6921875 0.18125 0.6796875 0.1796875 0.6703125 0.1734375 0.6703125 0.1625 0.68125 0.15 0.6875 0.1484375
0 0.403125 0.1140625 0.4140625 0.134375 0.4140625 0.1453125 0.40625 0.1484375 0.403125 0.153125 0.3984375 0.153125 0.39375 0.1484375 0.3921875 0.1390625 0.3953125 0.1296875 0.3953125 0.11875 0.396875 0.115625 0.4015625 0.1140625
0 0.378125 0.0359375 0.3859375 0.0453125 0.384375 0.0578125 0.3796875 0.0609375 0.375 0.0609375 0.371875 0.0578125 0.371875 0.0453125 0.3765625 0.0375
1 0 0.475 0.0046875 0.4859375 0.0046875 0.5171875 0 0.521875 0 0.4765625