0 0.2359375 0.1828125 0.2484375 0.184375 0.2578125 0.190625 0.259375 0.20625 0.2578125 0.2109375 0.2484375 0.2171875 0.24375 0.2171875 0.2375 0.2125 0.228125 0.2140625 0.225 0.2109375 0.2234375 0.2046875 0.225 0.1890625 0.2296875 0.1828125 0.234375 0.1828125
0 0.8828125 0.4375 0.896875 0.4484375 0.903125 0.45 0.915625 0.4609375 0.921875 0.4640625 0.928125 0.4625 0.9359375 0.46875 0.940625 0.48125 0.940625 0.490625 0.95 0.5015625 0.9515625 0.5078125 0.9484375 0.534375 0.94375 0.534375 0.9375 0.5296875 0.9296875 0.5296875 0.921875 0.5234375 0.9125 0.5109375 0.90625 0.509375 0.8953125 0.5 0.8859375 0.496875 0.8796875 0.4984375 0.8734375 0.496875 0.8625 0.4828125 0.8609375 0.4796875 0.8625 0.44375 0.8671875 0.4375 0.88125 0.4375
0 0.234375 0.1640625 0.246875 0.1609375 0.2609375 0.1625 0.2625 0.1671875 0.2625 0.178125 0.259375 0.1859375 0.2515625 0.1859375 0.24375 0.1828125 0.23125 0.1828125 0.23125 0.1734375 0.234375 0.165625
0 0.1359375 0.1375 0.14375 0.1390625 0.1515625 0.153125 0.1515625 0.1578125 0.140625 0.1640625 0.1328125 0.1609375 0.1296875 0.15625 0.1296875 0.140625 0.134375 0.1375
0 0.8859375 0.41875 0.89375 0.425 0.9125 0.4265625 0.94375 0.45 0.9578125 0.4671875 0.9609375 0.475 0.959375 0.4890625 0.9453125 0.4859375 0.9421875 0.48125 0.9421875 0.4765625 0.9328125 0.4640625 0.9171875 0.4609375 0.903125 0.4484375 0.8890625 0.4421875 0.8828125 0.4359375 0.86875 0.4359375 0.86875 0.428125 0.8734375 0.4203125 0.878125 0.4171875 0.884375 0.41875
0 0.14375 0.35 0.15625 0.3515625 0.1640625 0.365625 0.1625 0.3765625 0.1640625 0.378125 0.1640625 0.3984375 0.1390625 0.409375 0.134375 0.39375 0.1359375 0.3859375 0.1359375 0.3640625 0.134375 0.3625 0.1375 0.35625 0.14375 0.3515625
0 0.0984375 0.3078125 0.1015625 0.3125 0.1078125 0.3109375 0.1125 0.3125 0.121875 0.3328125 0.1171875 0.346875 0.1125 0.35 0.109375 0.346875 0.1046875 0.35625 0.1015625 0.35625 0.0953125 0.3484375 0.0921875 0.3484375 0.0875 0.33125 0.0875 0.3234375 0.0984375 0.309375
0 0.0609375 0.2984375 0.02109375 0.03359375
0 0.9328125 0.3953125 0.9375 0.4 0.940625 0.4 0.953125 0.4125 0.9625 0.4359375 0.9734375 0.45 0.9765625 0.4890625 0.9703125 0.4953125 0.9609375 0.4921875 0.95625 0.4875 0.9546875 0.4625 0.95 0.4609375 0.940625 0.4484375 0.9328125 0.446875 0.9109375 0.425 0.9125 0.415625 0.921875 0.396875 0.925 0.39375 0.93125 0.3953125
0 0.53359375 0.30625 0.04375 0.084375
0 0.0734375 0.14375 0.0828125 0.153125 0.0828125 0.16875 0.078125 0.171875 0.0671875 0.16875 0.0640625 0.1640625 0.065625 0.1453125 0.071875 0.14375
0 0.3140625 0.1484375 0.3203125 0.15 0.321875 0.15625 0.33125 0.1640625 0.3296875 0.178125 0.315625 0.1859375 0.3078125 0.178125 0.3046875 0.1796875 0.3 0.178125 0.29375 0.18125 0.2921875 0.1578125 0.2953125 0.1515625 0.296875 0.15 0.3125 0.15
0 0.6046875 0.0796875 0.6078125 0.0859375 0.6078125 0.1046875 0.60625 0.109375 0.6015625 0.1125 0.59375 0.1109375 0.590625 0.1078125 0.5890625 0.1 0.590625 0.0921875 0.596875 0.08125 0.603125 0.0796875
0 0.1640625 0.246875 0.171875 0.2484375 0.178125 0.2578125 0.1796875 0.265625 0.1765625 0.278125 0.1578125 0.2921875 0.14375 0.2890625 0.1390625 0.2828125 0.140625 0.265625 0.153125 0.25 0.1625 0.2484375
0 0.8875 0.41875 0.8953125 0.425 0.909375 0.4265625 0.925 0.4375 0.9359375 0.4484375 0.9421875 0.45 0.94375 0.4546875 0.9546875 0.465625 0.95625 0.4859375 0.9453125 0.4859375 0.9421875 0.48125 0.9421875 0.4765625 0.934375 0.465625 0.928125 0.4625 0.915625 0.4609375 0.9046875 0.45 0.8953125 0.446875 0.878125 0.4359375 0.86875 0.4390625 0.8671875 0.434375 0.8703125 0.4171875 0.8734375 0.415625 0.8859375 0.41875
1 0.571875 0.2421875 0.584375 0.2453125 0.5828125 0.26875 0.58125 0.2734375 0.578125 0.2734375 0.5703125 0.2640625 0.571875 0.24375
1 0.2765625 0.175 0.2828125 0.18125 0.284375 0.1875 0.284375 0.196875 0.278125 0.2 0.2734375 0.1984375 0.2703125 0.1890625 0.2703125 0.1796875 0.275 0.175
3 0.5453125 0.146875 0.0390625 0.059375