0 0.8859375 0.15 0.8890625 0.159375 0.8890625 0.1703125 0.8859375 0.1734375 0.878125 0.1734375 0.871875 0.1671875 0.871875 0.1609375 0.875 0.1546875 0.8796875 0.15 0.884375 0.15
0 0.746875 0.1875 0.7546875 0.1921875 0.759375 0.203125 0.7515625 0.21875 0.7390625 0.221875 0.7234375 0.2140625 0.721875 0.203125 0.734375 0.1890625 0.7453125 0.1875
0 0.8515625 0.14375 0.8640625 0.140625 0.8671875 0.146875 0.865625 0.1609375 0.85625 0.1625 0.8484375 0.159375 0.8484375 0.1484375 0.8515625 0.1453125
0 0.765625 0.15625 0.76875 0.1609375 0.7671875 0.1765625 0.7640625 0.1796875 0.7546875 0.18125 0.75 0.18125 0.7375 0.1734375 0.7390625 0.1625 0.7484375 0.1546875 0.7640625 0.15625
0 0.940625 0.4890625 0.95625 0.5 0.965625 0.5125 0.9671875 0.553125 0.9609375 0.5734375 0.95 0.5734375 0.9453125 0.56875 0.94375 0.5625 0.93125 0.55 0.9265625 0.5484375 0.915625 0.5359375 0.90625 0.534375 0.9 0.525 0.9 0.50625 0.903125 0.4953125 0.90625 0.4921875 0.9109375 0.490625 0.9203125 0.4953125 0.9296875 0.490625 0.9390625 0.4890625
0 0.85 0.3796875 0.0328125 0.059375
0 0.9296875 0.3046875 0.928125 0.2921875 0.9375 0.2828125 0.9421875 0.2828125 0.946875 0.2875 0.9453125 0.3109375 0.940625 0.3140625 0.93125 0.3046875
0 0.909375 0.3203125 0.9140625 0.325 0.909375 0.346875 0.903125 0.35 0.896875 0.3578125 0.8921875 0.3546875 0.8921875 0.3375 0.896875 0.3265625 0.9046875 0.31875 0.9078125 0.3203125
0 0.78125 0.1984375 0.7890625 0.2 0.7921875 0.2109375 0.7921875 0.225 0.7890625 0.23125 0.775 0.2296875 0.7703125 0.2328125 0.7578125 0.2265625 0.7546875 0.215625 0.7703125 0.196875 0.7796875 0.1984375
0 0.73125 0.1515625 0.7359375 0.159375 0.734375 0.1765625 0.73125 0.18125 0.721875 0.1828125 0.715625 0.1828125 0.70625 0.178125 0.7046875 0.16875 0.7171875 0.15 0.7234375 0.1484375 0.7296875 0.1515625
1 0 0.4875 0.0078125 0.4875 0.0078125 0.5203125 0.0046875 0.53125 0.0015625 0.5328125 0 0.5328125 0 0.4890625
1 0.953125 0.15625 0.95625 0.1625 0.953125 0.1734375 0.94375 0.171875 0.9453125 0.1625 0.9515625 0.15625