0 0.09375 0.31875 0.103125 0.3296875 0.10625 0.3578125 0.1 0.35625 0.090625 0.346875 0.0859375 0.325 0.0921875 0.31875
0 0.1328125 0.1375 0.14375 0.140625 0.15 0.1484375 0.15 0.159375 0.140625 0.1640625 0.1328125 0.1609375 0.1296875 0.1578125 0.1296875 0.1421875 0.1328125 0.1390625
0 0.359375 0.2640625 0.3703125 0.26875 0.3734375 0.2765625 0.3734375 0.290625 0.371875 0.29375 0.3578125 0.2984375 0.346875 0.309375 0.3421875 0.3203125 0.321875 0.31875 0.315625 0.3109375 0.31875 0.2703125 0.3328125 0.2625 0.3578125 0.2640625
0 0.9328125 0.3953125 0.9375 0.4 0.940625 0.4 0.9546875 0.415625 0.9609375 0.4359375 0.9734375 0.4515625 0.975 0.4640625 0.9734375 0.4875 0.9625 0.490625 0.95625 0.490625 0.9515625 0.48125 0.94375 0.4734375 0.9296875 0.4609375 0.91875 0.4578125 0.9125 0.4484375 0.909375 0.4359375 0.9109375 0.4125 0.915625 0.4109375 0.9203125 0.4 0.925 0.3953125 0.928125 0.39375 0.93125 0.3953125
0 0.6453125 0.025 0.6453125 0.040625 0.640625 0.0484375 0.6328125 0.0484375 0.6328125 0.0296875 0.6390625 0.025 0.64375 0.025
0 0.084375 0.296875 0.0953125 0.309375 0.0984375 0.30625 0.1 0.3203125 0.1046875 0.325 0.1078125 0.3203125 0.10625 0.3171875 0.1078125 0.3109375 0.1125 0.3125 0.1203125 0.33125 0.11875 0.34375 0.1125 0.3515625 0.1078125 0.33125 0.10625 0.3296875 0.1046875 0.33125 0.10625 0.35625 0.1015625 0.35625 0.0953125 0.3484375 0.0921875 0.3484375 0.0859375 0.3265625 0.0875 0.3171875 0.08125 0.315625 0.08125 0.3109375 0.0828125 0.3125 0.0875 0.3109375 0.0859375 0.303125 0.0828125 0.3 0.084375 0.2984375
0 0.06171875 0.2984375 0.021875 0.03359375
0 0.6234375 0.090625 0.628125 0.0984375 0.628125 0.1125 0.625 0.1234375 0.609375 0.121875 0.6078125 0.1171875 0.6109375 0.09375 0.6140625 0.090625 0.621875 0.090625
0 0.55625 0.1734375 0.559375 0.175 0.5609375 0.184375 0.5609375 0.2046875 0.553125 0.225 0.5421875 0.2265625 0.53125 0.2234375 0.5296875 0.2015625 0.534375 0.1953125 0.5390625 0.1765625 0.5453125 0.171875 0.5546875 0.1734375
0 0.3203125 0.15 0.321875 0.15625 0.33125 0.1640625 0.3328125 0.171875 0.321875 0.1828125 0.296875 0.1796875 0.2921875 0.1734375 0.2921875 0.153125 0.2953125 0.15 0.31875 0.15
0 0.6265625 0.05625 0.6296875 0.0703125 0.6265625 0.0859375 0.6125 0.084375 0.6125 0.071875 0.615625 0.0640625 0.621875 0.0578125 0.625 0.0578125
0 0.640625 0.053125 0.64375 0.0625 0.640625 0.0734375 0.6328125 0.071875 0.6328125 0.0546875 0.6390625 0.053125
0 0.6015625 0.1234375 0.60625 0.128125 0.6046875 0.159375 0.5859375 0.16875 0.58125 0.16875 0.5765625 0.1609375 0.578125 0.1375 0.58125 0.1359375 0.58125 0.1328125 0.5875 0.125 0.59375 0.121875 0.6 0.1234375
0 0.14375 0.35 0.15625 0.3515625 0.1609375 0.35625 0.1640625 0.3734375 0.1640625 0.396875 0.1390625 0.409375 0.134375 0.390625 0.1359375 0.3859375 0.1359375 0.3640625 0.134375 0.3625 0.14375 0.3515625
1 0.9984375 0.46875 0.9984375 0.5140625 0.9953125 0.5109375 0.99375 0.4984375 0.99375 0.4828125 0.9984375 0.4703125
1 0.271875 0.1796875 0.2796875 0.178125 0.284375 0.1859375 0.2828125 0.1984375 0.275 0.2 0.2703125 0.1875 0.271875 0.18125