0 0.0984375 0.309375 0.1 0.3171875 0.1046875 0.325 0.1078125 0.3234375 0.1078125 0.3125 0.1109375 0.3125 0.115625 0.31875 0.11875 0.325 0.1171875 0.346875 0.1125 0.35 0.1109375 0.3484375 0.1078125 0.3296875 0.1046875 0.328125 0.103125 0.3296875 0.103125 0.346875 0.1046875 0.3484375 0.103125 0.3546875 0.1 0.3546875 0.0921875 0.3484375 0.084375 0.328125 0.084375 0.321875 0.0890625 0.315625 0.096875 0.3109375
0 0.5984375 0.1140625 0.603125 0.1171875 0.6078125 0.128125 0.6078125 0.14375 0.6015625 0.153125 0.5953125 0.153125 0.5921875 0.1484375 0.584375 0.14375 0.584375 0.134375 0.5875 0.1265625 0.59375 0.115625 0.596875 0.1140625
0 0.65 0.0125 0.6578125 0.0125 0.659375 0.01875 0.6578125 0.0296875 0.6515625 0.03125 0.646875 0.028125 0.646875 0.01875 0.65 0.0140625
0 0.59375 0.2234375 0.6015625 0.2265625 0.60625 0.23125 0.609375 0.2390625 0.61875 0.2484375 0.6234375 0.25 0.628125 0.2578125 0.6296875 0.275 0.6234375 0.2859375 0.609375 0.2859375 0.6015625 0.278125 0.5921875 0.2734375 0.58125 0.271875 0.5734375 0.2734375 0.5671875 0.2609375 0.5671875 0.240625 0.578125 0.221875 0.5828125 0.2203125 0.5921875 0.2234375
0 0.06171875 0.2984375 0.021875 0.03359375
0 0.146875 0.1421875 0.15 0.1484375 0.15 0.159375 0.140625 0.1640625 0.1296875 0.1578125 0.128125 0.1484375 0.1328125 0.1390625 0.14375 0.1390625 0.1453125 0.1421875
0 0.9078125 0.3921875 0.921875 0.4 0.9296875 0.4078125 0.9359375 0.4234375 0.9484375 0.4390625 0.95 0.4484375 0.95625 0.4625 0.95625 0.4765625 0.953125 0.484375 0.9375 0.4828125 0.9296875 0.471875 0.9203125 0.4640625 0.909375 0.4609375 0.90625 0.4578125 0.8953125 0.4578125 0.8875 0.446875 0.884375 0.4375 0.884375 0.428125 0.8890625 0.40625 0.9 0.390625 0.90625 0.3921875
0 0.4015625 0.228125 0.4078125 0.2328125 0.4078125 0.25 0.3984375 0.271875 0.39375 0.2765625 0.3859375 0.275 0.378125 0.278125 0.3734375 0.278125 0.3703125 0.2734375 0.3703125 0.2640625 0.3734375 0.2578125 0.3765625 0.2390625 0.3859375 0.228125 0.4 0.228125
0 0.14375 0.35 0.153125 0.35 0.159375 0.3546875 0.1625 0.3625 0.1625 0.378125 0.1640625 0.3796875 0.1640625 0.396875 0.140625 0.409375 0.1375 0.40625 0.134375 0.3921875 0.1359375 0.3609375 0.14375 0.3515625
0 0.0984375 0.3046875 0.1046875 0.3125 0.1109375 0.3109375 0.1171875 0.31875 0.1203125 0.328125 0.11875 0.3375 0.1140625 0.340625 0.1140625 0.334375 0.1078125 0.3296875 0.1078125 0.3265625 0.10625 0.325 0.1015625 0.3265625 0.096875 0.321875 0.0953125 0.3171875 0.096875 0.30625
0 0.3171875 0.15 0.31875 0.1546875 0.325 0.1609375 0.328125 0.1609375 0.3296875 0.1734375 0.315625 0.18125 0.309375 0.1796875 0.290625 0.18125 0.2875 0.1796875 0.284375 0.16875 0.284375 0.159375 0.2890625 0.15 0.303125 0.1484375 0.315625 0.15
0 0.396875 0.1703125 0.415625 0.18125 0.4171875 0.196875 0.4078125 0.2046875 0.390625 0.2 0.38125 0.2 0.3765625 0.20625 0.3734375 0.20625 0.3671875 0.196875 0.3671875 0.1859375 0.3703125 0.175 0.3796875 0.16875 0.39375 0.1671875 0.3953125 0.1703125
0 0.6265625 0.0921875 0.6265625 0.128125 0.6140625 0.13125 0.60625 0.1234375 0.60625 0.1140625 0.6109375 0.1 0.615625 0.0953125 0.6234375 0.096875 0.625 0.09375
0 0.2171875 0.2765625 0.225 0.2890625 0.225 0.2984375 0.21875 0.3078125 0.2046875 0.315625 0.1921875 0.3109375 0.1875 0.30625 0.184375 0.2890625 0.1953125 0.278125 0.2015625 0.278125 0.20625 0.275 0.215625 0.2765625