0 0.084375 0.296875 0.0890625 0.3 0.09375 0.3078125 0.0984375 0.3046875 0.103125 0.3140625 0.10625 0.3109375 0.1125 0.3125 0.1203125 0.328125 0.1203125 0.3375 0.115625 0.3484375 0.1125 0.35 0.1109375 0.3484375 0.109375 0.3359375 0.1046875 0.328125 0.103125 0.3296875 0.103125 0.35 0.1046875 0.3515625 0.1015625 0.3546875 0.0921875 0.3484375 0.0875 0.3328125 0.08125 0.3234375 0.08125 0.3140625 0.0859375 0.309375 0.084375 0.2984375
0 0.26875 0.1921875 0.2765625 0.2015625 0.2765625 0.2109375 0.275 0.2140625 0.2625 0.221875 0.246875 0.21875 0.2390625 0.2046875 0.2390625 0.2 0.24375 0.1921875 0.2515625 0.1875 0.2625 0.1875 0.2671875 0.1921875
0 0.2515625 0.1546875 0.259375 0.1625 0.2609375 0.1734375 0.25625 0.175 0.2484375 0.1828125 0.23125 0.178125 0.2296875 0.1625 0.234375 0.15625 0.240625 0.153125 0.25 0.1546875
0 0.140625 0.1515625 0.0234375 0.028125
0 0.0953125 0.3171875 0.103125 0.3296875 0.103125 0.346875 0.1046875 0.3484375 0.103125 0.3546875 0.1 0.3546875 0.090625 0.346875 0.0890625 0.3375 0.0859375 0.334375 0.0859375 0.325 0.09375 0.3171875
0 0.20625 0.1625 0.209375 0.1703125 0.209375 0.175 0.20625 0.1765625 0.1921875 0.1765625 0.1875 0.175 0.1828125 0.16875 0.1859375 0.1625 0.1921875 0.1609375 0.2046875 0.1625
0 0.065625 0.2875 0.0703125 0.2921875 0.0703125 0.303125 0.059375 0.3140625 0.053125 0.3109375 0.05 0.29375 0.0515625 0.2875 0.05625 0.2828125 0.0609375 0.2828125 0.0640625 0.2875
0 0.40625 0.3046875 0.4171875 0.3140625 0.425 0.3109375 0.4328125 0.3125 0.4390625 0.3171875 0.4421875 0.328125 0.4421875 0.3453125 0.4359375 0.35625 0.43125 0.35625 0.4265625 0.3515625 0.4140625 0.359375 0.4015625 0.3625 0.3953125 0.36875 0.390625 0.378125 0.3875 0.378125 0.3796875 0.36875 0.375 0.36875 0.3703125 0.365625 0.3671875 0.359375 0.365625 0.3390625 0.3734375 0.31875 0.378125 0.3125 0.3984375 0.303125 0.4046875 0.3046875
0 0.275 0.1484375 0.28125 0.15 0.2875 0.1609375 0.290625 0.1625 0.29375 0.16875 0.2921875 0.178125 0.284375 0.1828125 0.265625 0.18125 0.2609375 0.1578125 0.2671875 0.15 0.2734375 0.15
0 0.228125 0.196875 0.2421875 0.2125 0.24375 0.2171875 0.240625 0.2265625 0.2296875 0.2359375 0.2234375 0.2359375 0.2203125 0.2265625 0.215625 0.23125 0.2109375 0.23125 0.20625 0.2234375 0.2078125 0.203125 0.2109375 0.2 0.21875 0.2 0.2265625 0.196875
0 0.14375 0.35 0.15625 0.3515625 0.1609375 0.35625 0.1640625 0.365625 0.1640625 0.3953125 0.140625 0.409375 0.1375 0.40625 0.134375 0.3875 0.1359375 0.3859375 0.1359375 0.3609375 0.14375 0.3515625