0 0.29375 0.15 0.3109375 0.15 0.3125 0.1484375 0.3203125 0.15 0.321875 0.15625 0.33125 0.1625 0.3328125 0.1703125 0.33125 0.1765625 0.321875 0.1828125 0.3171875 0.184375 0.3 0.1828125 0.2953125 0.1796875 0.2921875 0.171875 0.2921875 0.153125 0.29375 0.1515625
0 0.634375 0.253125 0.6421875 0.25625 0.6515625 0.2640625 0.65625 0.271875 0.6609375 0.275 0.675 0.3 0.675 0.3171875 0.671875 0.325 0.66875 0.328125 0.65625 0.3296875 0.6515625 0.3296875 0.640625 0.315625 0.6296875 0.3109375 0.6171875 0.309375 0.6140625 0.3 0.609375 0.2953125 0.609375 0.275 0.61875 0.25625 0.6265625 0.2515625 0.6328125 0.253125
0 0.615625 0.1015625 0.61875 0.115625 0.6171875 0.13125 0.6140625 0.1359375 0.609375 0.1375 0.6015625 0.1359375 0.5984375 0.1328125 0.596875 0.125 0.6046875 0.103125 0.6140625 0.1015625
0 0.6328125 0.028125 0.64375 0.0265625 0.6453125 0.0359375 0.6421875 0.0453125 0.6328125 0.0453125 0.6328125 0.0296875
0 0.0671875 0.178125 0.0640625 0.1734375 0.0640625 0.165625 0.0703125 0.1546875 0.0796875 0.15625 0.08125 0.1734375 0.071875 0.1796875 0.06875 0.178125
0 0.93125 0.39375 0.953125 0.4125 0.959375 0.425 0.9609375 0.434375 0.9734375 0.4515625 0.975 0.465625 0.9734375 0.4859375 0.9703125 0.4890625 0.959375 0.4921875 0.95625 0.490625 0.9515625 0.48125 0.934375 0.4640625 0.925 0.4578125 0.91875 0.4578125 0.9140625 0.453125 0.9109375 0.44375 0.909375 0.4359375 0.9109375 0.415625 0.915625 0.4109375 0.921875 0.396875 0.925 0.39375 0.9296875 0.39375
0 0.1515625 0.35 0.159375 0.3546875 0.1625 0.3625 0.1640625 0.3984375 0.14375 0.4015625 0.140625 0.4046875 0.1375 0.4046875 0.134375 0.39375 0.1359375 0.384375 0.134375 0.3625 0.1390625 0.3546875 0.1453125 0.35 0.15 0.35
0 0.53125 0.1515625 0.534375 0.1546875 0.5359375 0.1625 0.534375 0.1921875 0.525 0.1984375 0.5171875 0.2078125 0.5046875 0.209375 0.5015625 0.209375 0.4953125 0.2015625 0.496875 0.1796875 0.5046875 0.165625 0.5140625 0.15625 0.5234375 0.15 0.5296875 0.1515625
0 0.1203125 0.159375 0.125 0.1625 0.128125 0.171875 0.128125 0.178125 0.1234375 0.1859375 0.115625 0.1859375 0.1125 0.1828125 0.1125 0.1625 0.11875 0.159375
0 0.0984375 0.3046875 0.1015625 0.3125 0.1046875 0.3140625 0.1078125 0.3109375 0.1125 0.3125 0.11875 0.3234375 0.1203125 0.3328125 0.1140625 0.3453125 0.1125 0.346875 0.1140625 0.3359375 0.0953125 0.3203125 0.09375 0.3109375 0.096875 0.30625
0 0.9984375 0.46875 0.9984375 0.5125 0.9953125 0.509375 0.99375 0.4984375 0.99375 0.48125 0.9984375 0.4703125
0 0.19375 0.1578125 0.2 0.1640625 0.2046875 0.1734375 0.203125 0.184375 0.2 0.1859375 0.1828125 0.1859375 0.18125 0.18125 0.1796875 0.165625 0.1859375 0.15625 0.1921875 0.1578125
0 0.059375 0.28125 0.0703125 0.2921875 0.0703125 0.3015625 0.059375 0.3140625 0.053125 0.3109375 0.05 0.2984375 0.05 0.2890625 0.0578125 0.28125
0 0.578125 0.1390625 0.5796875 0.1765625 0.5765625 0.1859375 0.5640625 0.2015625 0.559375 0.2 0.55625 0.1953125 0.55625 0.190625 0.5515625 0.1859375 0.5453125 0.1859375 0.54375 0.1828125 0.5453125 0.1671875 0.5515625 0.1546875 0.5640625 0.1421875 0.5765625 0.1390625
0 0.55 0.1890625 0.5578125 0.2 0.559375 0.259375 0.55625 0.2640625 0.5390625 0.2625 0.5359375 0.265625 0.53125 0.265625 0.5296875 0.2625 0.5296875 0.240625 0.5328125 0.2328125 0.5328125 0.2171875 0.5390625 0.1921875 0.54375 0.1890625 0.5484375 0.1890625
0 0.1390625 0.140625 0.146875 0.14375 0.1515625 0.1515625 0.1515625 0.1578125 0.1421875 0.1640625 0.1359375 0.1640625 0.1296875 0.159375 0.1296875 0.14375 0.1328125 0.140625 0.1375 0.140625
0 0.09375 0.3171875 0.10625 0.3375 0.109375 0.3265625 0.1125 0.3265625 0.1171875 0.3328125 0.115625 0.3484375 0.1125 0.35 0.1078125 0.3421875 0.10625 0.35625 0.103125 0.3578125 0.090625 0.346875 0.0859375 0.33125 0.0859375 0.3234375 0.0921875 0.3171875
1 0.2796875 0.178125 0.2828125 0.18125 0.284375 0.1953125 0.2828125 0.1984375 0.278125 0.2 0.275 0.2 0.271875 0.19375 0.271875 0.1796875 0.278125 0.178125