0 0.2578125 0.2640625 0.265625 0.271875 0.2671875 0.2890625 0.265625 0.29375 0.2546875 0.3015625 0.25 0.3109375 0.24375 0.309375 0.215625 0.3109375 0.2125 0.3046875 0.2140625 0.2875 0.234375 0.271875 0.2375 0.2703125 0.25625 0.271875 0.2578125 0.265625
0 0.046875 0.26875 0.0546875 0.275 0.0625 0.275 0.071875 0.2890625 0.071875 0.2984375 0.0640625 0.3109375 0.05625 0.3109375 0.0515625 0.2984375 0.046875 0.2703125
0 0.078125 0.290625 0.084375 0.2921875 0.0875 0.2984375 0.096875 0.3078125 0.0953125 0.315625 0.0859375 0.328125 0.0796875 0.33125 0.075 0.33125 0.0703125 0.328125 0.065625 0.3203125 0.065625 0.3109375 0.071875 0.3046875 0.0734375 0.296875 0.078125 0.2921875
0 0.1046875 0.3078125 0.1125 0.309375 0.125 0.325 0.125 0.3359375 0.1140625 0.3453125 0.10625 0.35 0.0953125 0.3453125 0.090625 0.3390625 0.0890625 0.328125 0.090625 0.321875 0.09375 0.315625 0.1015625 0.315625 0.1046875 0.309375
0 0.1515625 0.175 0.171875 0.175 0.178125 0.1875 0.175 0.1984375 0.165625 0.2015625 0.153125 0.2 0.15 0.196875 0.1515625 0.1765625
0 0.1109375 0.1765625 0.01328125 0.028125
0 0.990625 0.81875 0.9921875 0.8234375 0.9984375 0.8296875 0.9984375 0.9234375 0.99375 0.9234375 0.9875 0.9171875 0.9796875 0.9171875 0.975 0.9140625 0.9671875 0.8984375 0.9640625 0.8859375 0.9671875 0.8625 0.975 0.840625 0.9890625 0.8203125
0 0.153125 0.3484375 0.1578125 0.3515625 0.159375 0.3578125 0.165625 0.3625 0.171875 0.396875 0.165625 0.4015625 0.1609375 0.4015625 0.1484375 0.4109375 0.14375 0.4109375 0.1421875 0.4015625 0.134375 0.3859375 0.1328125 0.359375 0.1359375 0.3546875 0.14375 0.35 0.1515625 0.3484375
0 0.2484375 0.1859375 0.2515625 0.1875 0.25625 0.1984375 0.2609375 0.203125 0.2609375 0.209375 0.2484375 0.21875 0.2359375 0.215625 0.23125 0.2109375 0.228125 0.203125 0.228125 0.1890625 0.23125 0.1859375 0.234375 0.184375 0.246875 0.1859375
0 0.2734375 0.15 0.2859375 0.1609375 0.2890625 0.16875 0.2890625 0.1765625 0.2828125 0.1859375 0.278125 0.1859375 0.2734375 0.1765625 0.259375 0.1625 0.259375 0.1546875 0.2671875 0.15 0.271875 0.15
0 0.9984375 0.94375 0.9984375 0.9984375 0.971875 0.9984375 0.9796875 0.9796875 0.9828125 0.965625 0.9875 0.9609375 0.99375 0.9453125 0.996875 0.94375
0 0.2546875 0.259375 0.2671875 0.271875 0.265625 0.290625 0.2546875 0.2796875 0.24375 0.275 0.2265625 0.2765625 0.2359375 0.2625 0.253125 0.259375
0 0.2421875 0.1546875 0.2484375 0.1625 0.2484375 0.171875 0.2390625 0.1765625 0.23125 0.1765625 0.2234375 0.1734375 0.2203125 0.1703125 0.2203125 0.1625 0.2234375 0.1578125 0.23125 0.153125 0.240625 0.1546875
0 0.2578125 0.1609375 0.271875 0.175 0.2765625 0.1859375 0.275 0.1953125 0.26875 0.2 0.2640625 0.2 0.2609375 0.196875 0.2609375 0.1921875 0.25 0.175 0.2515625 0.165625 0.253125 0.1625 0.25625 0.1625
0 0.128125 0.64375 0.140625 0.6328125 0.153125 0.6046875 0.1578125 0.6 0.1703125 0.59375 0.175 0.59375 0.1796875 0.6015625 0.1828125 0.61875 0.1828125 0.6359375 0.1859375 0.646875 0.1859375 0.6609375 0.1796875 0.66875 0.1796875 0.675 0.175 0.684375 0.1578125 0.6953125 0.153125 0.6953125 0.15 0.6984375 0.1375 0.6984375 0.1296875 0.7046875 0.121875 0.696875 0.1171875 0.678125 0.1171875 0.6578125 0.121875 0.65 0.128125 0.6453125