0 0.9 0.603125 0.90625 0.609375 0.9203125 0.6171875 0.9265625 0.625 0.9296875 0.625 0.9390625 0.6390625 0.9359375 0.678125 0.928125 0.709375 0.928125 0.7203125 0.9234375 0.728125 0.91875 0.728125 0.9140625 0.7234375 0.9046875 0.7234375 0.8921875 0.70625 0.875 0.6984375 0.8625 0.6875 0.8375 0.675 0.83125 0.6546875 0.83125 0.621875 0.84375 0.6 0.853125 0.596875 0.8609375 0.6 0.8875 0.5984375 0.8953125 0.6 0.8984375 0.603125
0 0.1328125 0.1390625 0.1390625 0.1390625 0.1453125 0.1421875 0.1515625 0.153125 0.15 0.1609375 0.1375 0.1640625 0.1296875 0.15625 0.1296875 0.1484375 0.1328125 0.140625
0 0.271875 0.3625 0.2828125 0.375 0.2890625 0.3875 0.29375 0.4140625 0.2921875 0.421875 0.2828125 0.4328125 0.2671875 0.4390625 0.2625 0.4390625 0.259375 0.428125 0.240625 0.409375 0.2390625 0.384375 0.25625 0.36875 0.259375 0.3625 0.2640625 0.3609375 0.2703125 0.3625
0 0.303125 0.16640625 0.03828125 0.0359375
0 0.1953125 0.1625 0.203125 0.1734375 0.203125 0.1859375 0.1953125 0.1859375 0.190625 0.1890625 0.1828125 0.1875 0.1796875 0.184375 0.178125 0.1640625 0.1875 0.1609375 0.19375 0.1625
0 0.31875 0.3015625 0.325 0.3046875 0.3359375 0.3171875 0.340625 0.3296875 0.340625 0.3515625 0.334375 0.3609375 0.3171875 0.36875 0.3046875 0.35625 0.2890625 0.346875 0.2859375 0.328125 0.2875 0.3203125 0.2953125 0.31875 0.3 0.3125 0.3171875 0.3015625
0 0.146875 0.221875 0.15 0.225 0.15 0.2375 0.14375 0.2484375 0.1375 0.253125 0.125 0.2484375 0.1265625 0.2265625 0.1375 0.21875 0.1421875 0.21875 0.1453125 0.221875
0 0.0984375 0.30625 0.0984375 0.309375 0.103125 0.3140625 0.1078125 0.3109375 0.1125 0.3125 0.11875 0.321875 0.121875 0.3359375 0.1140625 0.346875 0.1109375 0.3484375 0.10625 0.3390625 0.1015625 0.3515625 0.090625 0.346875 0.0890625 0.3375 0.0828125 0.328125 0.08125 0.3203125 0.0828125 0.315625 0.0953125 0.3109375 0.096875 0.3078125
0 0.084375 0.25 0.0921875 0.2578125 0.0921875 0.2671875 0.078125 0.278125 0.0734375 0.278125 0.0703125 0.2703125 0.0703125 0.2578125 0.075 0.25 0.0828125 0.25
0 0.2765625 0.175 0.2828125 0.1734375 0.2984375 0.175 0.3 0.1796875 0.3078125 0.1859375 0.3078125 0.1984375 0.303125 0.2046875 0.296875 0.2078125 0.2921875 0.2078125 0.2890625 0.2046875 0.2796875 0.2046875 0.275 0.2015625 0.271875 0.1921875 0.2765625 0.1765625
0 0.0546875 0.3140625 0.0515625 0.309375 0.05 0.290625 0.05625 0.2828125 0.0609375 0.2828125 0.0703125 0.2921875 0.0703125 0.30625 0.0671875 0.30625 0.059375 0.3140625 0.05625 0.3140625
0 0.7328125 0.278125 0.7578125 0.290625 0.7765625 0.3125 0.7828125 0.3265625 0.7828125 0.33125 0.7875 0.3375 0.7890625 0.3625 0.7875 0.36875 0.7828125 0.371875 0.771875 0.3609375 0.7625 0.35625 0.7546875 0.35625 0.7421875 0.35 0.73125 0.3484375 0.721875 0.34375 0.715625 0.3375 0.7125 0.328125 0.7125 0.30625 0.715625 0.2875 0.721875 0.278125 0.725 0.2765625 0.73125 0.278125
0 0.5140625 0.215625 0.528125 0.2265625 0.5328125 0.2390625 0.540625 0.2421875 0.546875 0.25 0.546875 0.2703125 0.54375 0.2734375 0.5359375 0.2734375 0.528125 0.2796875 0.5109375 0.2671875 0.5015625 0.2640625 0.4953125 0.2671875 0.4890625 0.2609375 0.4859375 0.253125 0.4859375 0.24375 0.49375 0.221875 0.5046875 0.215625 0.5125 0.215625
0 0.9 0.390625 0.9078125 0.390625 0.9140625 0.39375 0.9296875 0.40625 0.9359375 0.4234375 0.9484375 0.4375 0.9578125 0.4625 0.9546875 0.4859375 0.9484375 0.4875 0.9390625 0.484375 0.9375 0.4796875 0.921875 0.4671875 0.9109375 0.4609375 0.8984375 0.4578125 0.89375 0.453125 0.8875 0.44375 0.8859375 0.428125 0.8890625 0.4125 0.9 0.3921875
0 0.4921875 0.346875 0.50625 0.3546875 0.5140625 0.365625 0.521875 0.3890625 0.521875 0.4078125 0.50625 0.421875 0.4953125 0.4234375 0.490625 0.428125 0.4765625 0.4125 0.4609375 0.4015625 0.45 0.3984375 0.4453125 0.3734375 0.446875 0.3640625 0.4578125 0.35625 0.46875 0.35 0.4765625 0.35 0.484375 0.3453125 0.490625 0.346875
0 0.3828125 0.240625 0.3890625 0.24375 0.396875 0.2546875 0.4015625 0.275 0.396875 0.2859375 0.3828125 0.290625 0.3796875 0.29375 0.371875 0.2859375 0.3515625 0.2828125 0.3453125 0.26875 0.3453125 0.2625 0.3515625 0.2421875 0.3609375 0.2375 0.378125 0.2375 0.38125 0.240625
0 0.5828125 0.5 0.5875 0.503125 0.5984375 0.5 0.609375 0.5 0.6421875 0.525 0.6453125 0.5328125 0.646875 0.5453125 0.6515625 0.553125 0.653125 0.58125 0.64375 0.5984375 0.6375 0.603125 0.6328125 0.6109375 0.6234375 0.6109375 0.61875 0.6140625 0.6125 0.6125 0.603125 0.596875 0.5953125 0.5890625 0.5875 0.5859375 0.5765625 0.5734375 0.5640625 0.565625 0.5578125 0.56875 0.55 0.559375 0.5484375 0.553125 0.55 0.525 0.55625 0.5140625 0.5671875 0.503125 0.5734375 0.5 0.58125 0.5
0 0.36875 0.2015625 0.3765625 0.2046875 0.3796875 0.2109375 0.39375 0.2234375 0.3953125 0.234375 0.3921875 0.24375 0.3875 0.24375 0.375 0.2359375 0.3625 0.2359375 0.3484375 0.2421875 0.3453125 0.2375 0.3453125 0.2203125 0.3484375 0.2109375 0.353125 0.20625 0.3625 0.2015625 0.3671875 0.2015625
0 0.428125 0.165625 0.440625 0.175 0.440625 0.1890625 0.4296875 0.19375 0.4234375 0.1921875 0.3953125 0.19375 0.3890625 0.1890625 0.3890625 0.1828125 0.396875 0.1640625 0.4234375 0.1625 0.4265625 0.165625
0 0.153125 0.35 0.159375 0.3546875 0.1625 0.3625 0.1640625 0.3984375 0.140625 0.409375 0.134375 0.39375 0.1359375 0.3609375 0.14375 0.35 0.1515625 0.35
0 0.7625 0.359375 0.76875 0.3625 0.7796875 0.375 0.7859375 0.378125 0.7875 0.3828125 0.7953125 0.390625 0.7984375 0.403125 0.7984375 0.4296875 0.796875 0.434375 0.79375 0.4359375 0.7875 0.4359375 0.775 0.428125 0.765625 0.428125 0.759375 0.4234375 0.7515625 0.421875 0.746875 0.415625 0.7265625 0.4 0.7265625 0.3875 0.734375 0.3703125 0.734375 0.3640625 0.7359375 0.3625 0.7515625 0.3625 0.75625 0.359375 0.7609375 0.359375
1 0.8125 0.64375 0.8140625 0.6484375 0.80625 0.6578125 0.8046875 0.66875 0.8171875 0.6734375 0.8203125 0.6671875 0.8265625 0.6640625 0.825 0.6609375 0.8265625 0.6484375 0.828125 0.66875 0.8328125 0.6765625 0.8328125 0.6859375 0.8296875 0.696875 0.8234375 0.703125 0.8171875 0.7015625 0.815625 0.6984375 0.8125 0.6984375 0.7890625 0.68125 0.7875 0.665625 0.7921875 0.6546875 0.8 0.64375 0.8109375 0.64375
1 0.5140625 0.1375 0.51875 0.1421875 0.5203125 0.1515625 0.5125 0.159375 0.509375 0.159375 0.509375 0.1390625 0.5125 0.1375