0 0.0953125 0.31875 0.096875 0.3234375 0.1015625 0.325 0.1046875 0.334375 0.103125 0.3375 0.1046875 0.353125 0.103125 0.3546875 0.1 0.3546875 0.090625 0.346875 0.0875 0.3359375 0.0859375 0.325 0.09375 0.31875
0 0.1328125 0.1390625 0.14375 0.140625 0.15 0.1484375 0.15 0.159375 0.1390625 0.1640625 0.1328125 0.1609375 0.1296875 0.153125 0.1328125 0.140625
0 0.0453125 0.159375 0.0515625 0.1671875 0.0515625 0.1734375 0.046875 0.1765625 0.0421875 0.1765625 0.0390625 0.171875 0.0390625 0.1625 0.04375 0.159375
0 0.153125 0.35 0.1578125 0.3515625 0.1609375 0.35625 0.1640625 0.3671875 0.1640625 0.396875 0.14375 0.4078125 0.1390625 0.4078125 0.134375 0.39375 0.1359375 0.3859375 0.134375 0.3625 0.1359375 0.3578125 0.14375 0.35 0.1515625 0.35
0 0.0875 0.3015625 0.0890625 0.303125 0.0875 0.3078125 0.090625 0.3125 0.09375 0.3125 0.0984375 0.30625 0.1015625 0.3125 0.10625 0.3109375 0.1125 0.3125 0.1171875 0.3203125 0.1203125 0.334375 0.115625 0.3484375 0.1125 0.35 0.1109375 0.3484375 0.1078125 0.3359375 0.103125 0.3375 0.1046875 0.3484375 0.103125 0.353125 0.0921875 0.3484375 0.0875 0.328125 0.090625 0.31875 0.0875 0.303125
0 0.209375 0.18125 0.2140625 0.1859375 0.2203125 0.1875 0.2203125 0.1984375 0.2078125 0.2109375 0.19375 0.2078125 0.190625 0.1984375 0.1921875 0.1875 0.2078125 0.18125
0 0.0609375 0.2984375 0.021875 0.03359375
0 0.29375 0.15 0.3109375 0.165625 0.3125 0.16875 0.3109375 0.1796875 0.303125 0.1859375 0.290625 0.184375 0.28125 0.1859375 0.2796875 0.184375 0.278125 0.1796875 0.2796875 0.1625 0.284375 0.1546875 0.2921875 0.1515625
3 0.259375 0.4140625 0.265625 0.41875 0.271875 0.4296875 0.2734375 0.4484375 0.278125 0.4671875 0.2765625 0.4796875 0.26875 0.4890625 0.2671875 0.496875 0.2609375 0.5015625 0.25625 0.5015625 0.2375 0.5234375 0.228125 0.53125 0.2234375 0.5453125 0.2203125 0.546875 0.215625 0.5453125 0.20625 0.55 0.2015625 0.55 0.1984375 0.546875 0.1984375 0.515625 0.1953125 0.5078125 0.1953125 0.4921875 0.19375 0.490625 0.1953125 0.475 0.2015625 0.4640625 0.2125 0.4515625 0.25 0.4140625 0.2546875 0.4125 0.2578125 0.4140625
3 0.2515625 0.1734375 0.25 0.1515625 0.2546875 0.146875 0.271875 0.146875 0.2765625 0.1546875 0.278125 0.1625 0.275 0.1734375 0.2703125 0.1765625 0.253125 0.1734375
3 0.25 0.1796875 0.2578125 0.1921875 0.259375 0.209375 0.2453125 0.2171875 0.2421875 0.2140625 0.234375 0.2140625 0.23125 0.2109375 0.228125 0.1890625 0.2296875 0.184375 0.2359375 0.178125 0.2484375 0.1796875