0 0.0859375 0.3 0.0921875 0.3109375 0.0984375 0.3046875 0.1015625 0.3125 0.1 0.315625 0.1015625 0.3234375 0.10625 0.3203125 0.1046875 0.3140625 0.10625 0.3109375 0.1125 0.3125 0.1203125 0.3296875 0.1203125 0.3390625 0.115625 0.3484375 0.1109375 0.35 0.1078125 0.3453125 0.1046875 0.35625 0.0921875 0.3484375 0.0859375 0.3296875 0.0859375 0.321875 0.0890625 0.3171875 0.0859375 0.3015625
0 0.5953125 0.075 0.6015625 0.0828125 0.6015625 0.0921875 0.5921875 0.1 0.58125 0.0984375 0.5796875 0.0890625 0.5828125 0.08125 0.5890625 0.075 0.59375 0.075
0 0.021875 0.2359375 0.01875 0.228125 0.01875 0.2203125 0.0296875 0.209375 0.0359375 0.215625 0.0375 0.228125 0.03125 0.2359375 0.0234375 0.2359375
0 0.6359375 0.2625 0.6546875 0.275 0.665625 0.29375 0.671875 0.3 0.675 0.3 0.678125 0.30625 0.6796875 0.3140625 0.678125 0.33125 0.675 0.3375 0.665625 0.3390625 0.6609375 0.3421875 0.65 0.3328125 0.625 0.3234375 0.6171875 0.3234375 0.6109375 0.315625 0.609375 0.2921875 0.615625 0.275 0.621875 0.265625 0.6265625 0.2625 0.634375 0.2625
0 0.9765625 0.978125 0.98125 0.9796875 0.9890625 0.9875 0.9921875 0.9875 0.996875 0.9984375 0.9546875 0.9984375 0.9609375 0.98125 0.965625 0.9765625 0.975 0.978125
0 0.6078125 0.1140625 0.021875 0.0390625
0 0.0609375 0.2984375 0.021875 0.03359375
0 0.16875 0.140625 0.171875 0.1421875 0.175 0.1484375 0.175 0.1609375 0.1546875 0.153125 0.153125 0.15 0.159375 0.140625 0.1671875 0.140625
0 0.1359375 0.1375 0.146875 0.1421875 0.1515625 0.15 0.1515625 0.15625 0.140625 0.1640625 0.1359375 0.1640625 0.1296875 0.15625 0.1296875 0.140625 0.134375 0.1375
0 0.0703125 0.1828125 0.0796875 0.1765625 0.084375 0.1765625 0.0859375 0.18125 0.0859375 0.1984375 0.08125 0.2 0.0765625 0.1984375 0.0703125 0.1890625 0.0703125 0.184375
0 0.0890625 0.315625 0.0953125 0.3171875 0.096875 0.3234375 0.1 0.325 0.103125 0.33125 0.10625 0.34375 0.10625 0.35625 0.0984375 0.3546875 0.090625 0.3484375 0.0828125 0.328125 0.0828125 0.3234375 0.0890625 0.3171875
0 0.2078125 0.1609375 0.2109375 0.1640625 0.2140625 0.175 0.2140625 0.1859375 0.209375 0.1890625 0.1984375 0.1875 0.1953125 0.1828125 0.1953125 0.16875 0.1984375 0.1625 0.20625 0.1609375
0 0.2296875 0.1828125 0.2359375 0.1828125 0.2375 0.1859375 0.2453125 0.184375 0.2546875 0.1890625 0.259375 0.20625 0.2578125 0.2109375 0.2484375 0.2171875 0.2421875 0.2171875 0.2375 0.2125 0.228125 0.215625 0.225 0.2109375 0.2234375 0.1984375 0.225 0.190625 0.2296875 0.184375
0 0.165625 0.15625 0.175 0.1640625 0.1765625 0.1703125 0.1734375 0.1796875 0.165625 0.184375 0.1578125 0.184375 0.1515625 0.171875 0.153125 0.15625 0.15625 0.153125 0.1609375 0.153125 0.1640625 0.15625
0 0.246875 0.1609375 0.2578125 0.1625 0.2625 0.1796875 0.259375 0.1953125 0.253125 0.1890625 0.246875 0.1859375 0.2375 0.1859375 0.23125 0.1828125 0.2296875 0.1796875 0.234375 0.1625 0.2453125 0.1609375
0 0.190625 0.1375 0.1953125 0.1484375 0.2015625 0.15625 0.2015625 0.1609375 0.1921875 0.16875 0.1796875 0.1671875 0.1734375 0.1578125 0.1828125 0.1484375 0.1859375 0.1390625 0.1890625 0.1375
0 0.3296875 0.265625 0.33125 0.2671875 0.3515625 0.25625 0.359375 0.25625 0.3734375 0.278125 0.375 0.29375 0.3734375 0.2984375 0.3671875 0.303125 0.365625 0.309375 0.340625 0.3109375 0.328125 0.3171875 0.3234375 0.3234375 0.3171875 0.3234375 0.309375 0.3171875 0.3078125 0.3 0.315625 0.275 0.3234375 0.265625 0.328125 0.265625
0 0.3203125 0.15 0.3234375 0.159375 0.33125 0.1640625 0.33125 0.175 0.3265625 0.1828125 0.3203125 0.1828125 0.315625 0.1859375 0.3125 0.1859375 0.3078125 0.18125 0.2953125 0.1828125 0.2921875 0.1796875 0.290625 0.1703125 0.2921875 0.1546875 0.2953125 0.15 0.31875 0.15
0 0.14375 0.35 0.1578125 0.3515625 0.1640625 0.36875 0.1640625 0.3984375 0.153125 0.4015625 0.1421875 0.409375 0.1390625 0.409375 0.134375 0.39375 0.1359375 0.359375 0.14375 0.3515625
1 0.271875 0.1765625 0.278125 0.1765625 0.28125 0.1796875 0.284375 0.190625 0.284375 0.196875 0.275 0.2 0.2703125 0.1890625 0.271875 0.178125
3 0.025 0.2125 0.0328125 0.2109375 0.0375 0.221875 0.0359375 0.23125 0.03125 0.2359375 0.0234375 0.2359375 0.01875 0.225 0.025 0.2140625