0 0.371875 0.0828125 0.378125 0.0875 0.3859375 0.1078125 0.3859375 0.1171875 0.3765625 0.121875 0.371875 0.121875 0.36875 0.1109375 0.36875 0.096875 0.371875 0.084375
0 0.9546875 0.228125 0.9625 0.2375 0.9609375 0.2484375 0.9546875 0.25 0.9453125 0.2453125 0.9453125 0.2375 0.953125 0.2296875
0 0.9875 0.2109375 0.9921875 0.21875 0.990625 0.23125 0.984375 0.234375 0.9796875 0.225 0.98125 0.2140625 0.9859375 0.2125
0 0.6125 0.2484375 0.6171875 0.2515625 0.615625 0.2609375 0.6171875 0.2859375 0.6140625 0.2984375 0.6078125 0.3046875 0.6 0.296875 0.590625 0.3 0.5890625 0.2984375 0.5890625 0.275 0.5953125 0.246875 0.6046875 0.2453125 0.6109375 0.2484375
0 0.9796875 0.2234375 0.98125 0.2359375 0.9765625 0.246875 0.96875 0.2453125 0.96875 0.23125 0.9734375 0.225 0.978125 0.2234375
0 0.94375 0.2828125 0.9484375 0.2921875 0.946875 0.3078125 0.94375 0.3140625 0.9390625 0.3140625 0.9296875 0.3078125 0.9265625 0.3 0.928125 0.2921875 0.9375 0.2828125 0.9421875 0.2828125
0 0.946875 0.209375 0.9515625 0.2125 0.9546875 0.2203125 0.9546875 0.225 0.9484375 0.2328125 0.934375 0.2234375 0.9359375 0.2140625 0.940625 0.209375 0.9453125 0.209375
0 0.8546875 0.35 0.8640625 0.3625 0.8625 0.3640625 0.8640625 0.3953125 0.8609375 0.40625 0.8578125 0.409375 0.834375 0.3984375 0.8328125 0.390625 0.8375 0.3578125 0.840625 0.353125 0.853125 0.35
0 0.921875 0.1984375 0.9265625 0.2 0.93125 0.20625 0.93125 0.21875 0.928125 0.215625 0.925 0.221875 0.9203125 0.225 0.9125 0.2234375 0.909375 0.2171875 0.9109375 0.2015625 0.915625 0.1984375 0.9203125 0.1984375
0 0.9 0.3078125 0.9046875 0.3125 0.9125 0.3125 0.9109375 0.3171875 0.9125 0.328125 0.9078125 0.3484375 0.896875 0.3546875 0.89375 0.3515625 0.8953125 0.3421875 0.8921875 0.3375 0.890625 0.3484375 0.8859375 0.3515625 0.8796875 0.34375 0.8796875 0.3234375 0.8828125 0.3171875 0.8859375 0.3125 0.890625 0.3109375 0.896875 0.3125 0.9 0.309375
0 0.45 0.234375 0.45625 0.2375 0.459375 0.2484375 0.4640625 0.2546875 0.465625 0.265625 0.4625 0.278125 0.4578125 0.2859375 0.446875 0.2875 0.434375 0.2859375 0.41875 0.3015625 0.4140625 0.2984375 0.40625 0.2984375 0.4 0.29375 0.4 0.2703125 0.403125 0.2640625 0.4140625 0.2578125 0.425 0.2390625 0.440625 0.234375 0.4484375 0.234375
0 0.3984375 0.1125 0.403125 0.1171875 0.409375 0.134375 0.4078125 0.15 0.403125 0.153125 0.390625 0.153125 0.3859375 0.14375 0.3890625 0.1203125 0.396875 0.1125
0 0.8 0.146875 0.809375 0.15 0.8125 0.1640625 0.8078125 0.16875 0.803125 0.16875 0.7921875 0.1609375 0.7921875 0.1515625 0.7984375 0.146875
0 0.865625 0.1375 0.86875 0.14375 0.86875 0.15625 0.8609375 0.1640625 0.85 0.1609375 0.846875 0.1578125 0.846875 0.1515625 0.8546875 0.1390625 0.8640625 0.1375
0 0.615625 0.3890625 0.6375 0.4046875 0.6390625 0.4078125 0.6375 0.4296875 0.6328125 0.4421875 0.6265625 0.4421875 0.621875 0.446875 0.615625 0.4484375 0.6 0.4625 0.5953125 0.471875 0.590625 0.471875 0.5859375 0.4671875 0.571875 0.4609375 0.5625 0.4453125 0.5609375 0.4359375 0.5625 0.4203125 0.56875 0.409375 0.5703125 0.4015625 0.58125 0.3890625 0.59375 0.3828125 0.6140625 0.3890625
0 0.503125 0.9265625 0.5125 0.928125 0.5265625 0.9375 0.5390625 0.953125 0.55 0.9796875 0.5515625 0.99375 0.55 0.9984375 0.4390625 0.9984375 0.440625 0.990625 0.4546875 0.971875 0.4578125 0.9625 0.4609375 0.9609375 0.4609375 0.9515625 0.4703125 0.95 0.4828125 0.9375 0.4859375 0.9375 0.49375 0.928125 0.5015625 0.9265625
0 0.45703125 0.121875 0.0296875 0.03359375
0 0.815625 0.265625 0.8234375 0.2796875 0.825 0.3078125 0.815625 0.3109375 0.8109375 0.315625 0.80625 0.315625 0.8015625 0.3109375 0.79375 0.3078125 0.7921875 0.2953125 0.79375 0.2828125 0.8015625 0.26875 0.8140625 0.265625
2 0.9109375 0.2296875 0.928125 0.2390625 0.9265625 0.2734375 0.9234375 0.28125 0.915625 0.2859375 0.90625 0.2875 0.89375 0.2765625 0.89375 0.2609375 0.8984375 0.2375 0.9 0.234375 0.90625 0.2375 0.909375 0.23125
2 0.73125 0.2375 0.74375 0.2484375 0.74375 0.2796875 0.7484375 0.2890625 0.7484375 0.296875 0.7421875 0.3109375 0.7359375 0.3140625 0.7265625 0.3234375 0.7109375 0.3234375 0.6984375 0.3140625 0.6953125 0.309375 0.6953125 0.2859375 0.696875 0.284375 0.6984375 0.2484375 0.7015625 0.24375 0.715625 0.2375 0.7296875 0.2375