0 0.834375 0.3734375 0.8390625 0.353125 0.8453125 0.35 0.853125 0.35 0.8625 0.359375 0.8640625 0.3921875 0.859375 0.4078125 0.8359375 0.396875 0.834375 0.39375 0.8359375 0.375
0 0.7640625 0.175 0.7671875 0.175 0.771875 0.1828125 0.771875 0.1921875 0.76875 0.1984375 0.7578125 0.2109375 0.746875 0.2 0.7484375 0.184375 0.7640625 0.1765625
0 0.775 0.19375 0.778125 0.1953125 0.7828125 0.1921875 0.7875 0.1921875 0.790625 0.1953125 0.79375 0.203125 0.7921875 0.2171875 0.7875 0.21875 0.78125 0.225 0.7796875 0.2296875 0.765625 0.2265625 0.7640625 0.2171875 0.7609375 0.2125 0.7734375 0.1953125
0 0.9 0.30625 0.903125 0.3140625 0.9015625 0.3359375 0.8984375 0.3390625 0.89375 0.3375 0.8859375 0.35 0.88125 0.346875 0.878125 0.3375 0.88125 0.31875 0.8859375 0.3125 0.890625 0.3109375 0.8921875 0.321875 0.896875 0.3234375 0.8984375 0.321875 0.896875 0.3125 0.9 0.3078125
0 0.83125 0.1765625 0.840625 0.18125 0.840625 0.196875 0.834375 0.203125 0.83125 0.203125 0.81875 0.19375 0.8203125 0.178125 0.8265625 0.175 0.8296875 0.1765625
0 0.9390625 0.2984375 0.02265625 0.03359375
0 0.4015625 0.1140625 0.4140625 0.1375 0.4140625 0.1484375 0.409375 0.146875 0.4 0.1546875 0.390625 0.1484375 0.3875 0.140625 0.3890625 0.1203125 0.39375 0.115625 0.4 0.1140625
0 0.8 0.15625 0.8109375 0.1640625 0.8125 0.171875 0.803125 0.1796875 0.7921875 0.184375 0.7875 0.175 0.7921875 0.1625 0.7984375 0.1578125
0 0.7390625 0.1640625 0.7484375 0.171875 0.75 0.18125 0.7421875 0.1890625 0.740625 0.196875 0.7359375 0.2 0.7234375 0.1984375 0.71875 0.19375 0.7171875 0.1828125 0.7265625 0.16875 0.7375 0.1640625
0 0.709375 0.159375 0.721875 0.1625 0.725 0.1671875 0.7234375 0.1734375 0.7171875 0.1828125 0.7125 0.1859375 0.696875 0.1859375 0.6890625 0.178125 0.6890625 0.16875 0.696875 0.1625 0.7078125 0.159375
0 0.8125 0.196875 0.8171875 0.2 0.825 0.2 0.8296875 0.2078125 0.8265625 0.2171875 0.8140625 0.225 0.809375 0.225 0.8 0.2203125 0.7953125 0.2109375 0.796875 0.2046875 0.8015625 0.2 0.80625 0.196875 0.8109375 0.196875
1 0 0.734375 0.00625 0.7421875 0.0109375 0.753125 0.015625 0.775 0.015625 0.7859375 0.0109375 0.796875 0.009375 0.8078125 0.0046875 0.8125 0 0.8109375 0 0.7359375