0 0.23125 0.1875 0.2328125 0.1890625 0.2421875 0.1875 0.253125 0.1890625 0.2546875 0.1984375 0.253125 0.2109375 0.246875 0.2171875 0.2421875 0.2171875 0.2390625 0.2140625 0.228125 0.2140625 0.225 0.2 0.2265625 0.1921875 0.2296875 0.1890625
0 0.96875 0.9734375 0.978125 0.9765625 0.99375 0.990625 0.9984375 0.9921875 0.9984375 0.9984375 0.95 0.9984375 0.9484375 0.99375 0.95625 0.978125 0.9625 0.9734375 0.9671875 0.9734375
0 0.9875 0.7171875 0.990625 0.7203125 0.9984375 0.721875 0.9984375 0.8046875 0.9875 0.8 0.98125 0.7921875 0.9734375 0.7953125 0.96875 0.79375 0.9640625 0.7859375 0.9578125 0.7625 0.959375 0.7453125 0.965625 0.7265625 0.9765625 0.7125 0.98125 0.7125 0.9859375 0.7171875
0 0.1515625 0.1578125 0.159375 0.1640625 0.1609375 0.16875 0.1609375 0.1765625 0.153125 0.1828125 0.14375 0.18125 0.1375 0.171875 0.1390625 0.1640625 0.15 0.1578125
0 0.99375 0.8328125 0.996875 0.834375 0.9984375 0.85 0.9984375 0.915625 0.99375 0.91875 0.9890625 0.9140625 0.984375 0.8890625 0.98125 0.8859375 0.98125 0.865625 0.990625 0.8375 0.99375 0.834375
0 0.171875 0.1546875 0.1828125 0.1625 0.184375 0.1671875 0.184375 0.1765625 0.175 0.1859375 0.1640625 0.1859375 0.159375 0.1625 0.165625 0.15625 0.1703125 0.1546875
0 0.14375 0.35 0.1578125 0.35 0.1640625 0.3671875 0.1640625 0.396875 0.140625 0.4078125 0.1359375 0.4 0.134375 0.3875 0.1359375 0.3859375 0.1359375 0.359375 0.14375 0.3515625
0 0.1234375 0.1640625 0.128125 0.1640625 0.1375 0.1765625 0.1375 0.1859375 0.13125 0.190625 0.1265625 0.1921875 0.1234375 0.190625 0.1203125 0.1875 0.1203125 0.1703125 0.1234375 0.165625
0 0.06171875 0.2984375 0.021875 0.03359375
0 0.2234375 0.1453125 0.2296875 0.1515625 0.2328125 0.1609375 0.221875 0.16875 0.2171875 0.1671875 0.2125 0.1609375 0.2046875 0.159375 0.2046875 0.15 0.2078125 0.146875 0.2140625 0.146875 0.21875 0.14375 0.221875 0.1453125
0 0.33125 0.1625 0.3328125 0.165625 0.33125 0.178125 0.3171875 0.1859375 0.303125 0.184375 0.2953125 0.1796875 0.29375 0.1546875 0.2984375 0.15 0.321875 0.15 0.325 0.1578125 0.3296875 0.1625
0 0.1125 0.35 0.1078125 0.3421875 0.10625 0.35625 0.1 0.35625 0.090625 0.346875 0.0859375 0.325 0.09375 0.31875 0.10625 0.3375 0.109375 0.3359375 0.109375 0.328125 0.1125 0.3265625 0.1171875 0.33125 0.11875 0.3375 0.1171875 0.3453125 0.1140625 0.3484375
0 0.203125 0.1796875 0.209375 0.1828125 0.2171875 0.1921875 0.2171875 0.2 0.2125 0.2078125 0.1921875 0.2078125 0.190625 0.1859375 0.2015625 0.1796875
2 0.2796875 0.1828125 0.3 0.1875 0.3046875 0.1921875 0.3046875 0.1984375 0.3171875 0.2171875 0.31875 0.24375 0.315625 0.2484375 0.303125 0.2546875 0.29375 0.2546875 0.2921875 0.25 0.2859375 0.24375 0.278125 0.2421875 0.26875 0.24375 0.2578125 0.234375 0.25625 0.1921875 0.259375 0.1875 0.2625 0.1875 0.26875 0.18125 0.278125 0.1828125