0 0.9703125 0.9765625 0.9796875 0.9796875 0.990625 0.9875 0.9984375 0.9953125 0.9984375 0.9984375 0.9546875 0.9984375 0.9578125 0.9875 0.96875 0.9765625
0 0.1828125 0.2078125 0.178125 0.196875 0.18125 0.1828125 0.184375 0.1796875 0.1890625 0.1796875 0.190625 0.1828125 0.1921875 0.2078125 0.1890625 0.209375 0.184375 0.20625
0 0.065625 0.2875 0.0703125 0.29375 0.0703125 0.30625 0.0578125 0.3140625 0.053125 0.3109375 0.0515625 0.2890625 0.05625 0.2828125 0.0609375 0.2828125 0.0640625 0.2875
0 0.1734375 0.1546875 0.184375 0.165625 0.184375 0.1765625 0.175 0.1859375 0.165625 0.1859375 0.1609375 0.175 0.1609375 0.1625 0.1640625 0.15625 0.171875 0.1546875
0 0.1578125 0.3515625 0.1640625 0.365625 0.1640625 0.3953125 0.1625 0.3984375 0.1421875 0.4078125 0.1390625 0.4078125 0.1359375 0.4 0.134375 0.3609375 0.14375 0.35 0.15625 0.3515625
0 0.253125 0.1625 0.2609375 0.175 0.2609375 0.1921875 0.2578125 0.1953125 0.2546875 0.190625 0.2421875 0.190625 0.234375 0.1859375 0.2296875 0.178125 0.2359375 0.1625 0.2421875 0.1609375 0.2515625 0.1625
0 0.1390625 0.1390625 0.14375 0.140625 0.15 0.1484375 0.15 0.1546875 0.146875 0.1546875 0.140625 0.1625 0.1328125 0.1609375 0.1296875 0.1578125 0.1296875 0.1421875 0.1328125 0.1390625 0.1375 0.1390625
0 0.15 0.153125 0.1578125 0.1640625 0.1578125 0.1734375 0.1484375 0.1828125 0.14375 0.1796875 0.140625 0.16875 0.140625 0.1625 0.14375 0.15625 0.1484375 0.153125
0 0.0984375 0.3078125 0.1046875 0.31875 0.1078125 0.3171875 0.1078125 0.3125 0.1125 0.3125 0.1171875 0.3203125 0.1203125 0.33125 0.1203125 0.3390625 0.1171875 0.346875 0.1140625 0.35 0.1109375 0.3484375 0.1109375 0.340625 0.10625 0.3296875 0.103125 0.340625 0.1046875 0.35 0.1015625 0.353125 0.0921875 0.346875 0.0890625 0.3359375 0.0890625 0.3234375 0.096875 0.309375
0 0.2203125 0.14375 0.228125 0.15 0.2328125 0.1609375 0.2296875 0.16875 0.225 0.171875 0.2125 0.1671875 0.2078125 0.16875 0.203125 0.1625 0.203125 0.153125 0.20625 0.146875 0.209375 0.1453125 0.2125 0.146875 0.21875 0.14375
0 0.31875 0.15 0.3234375 0.159375 0.33125 0.1640625 0.33125 0.175 0.328125 0.1796875 0.315625 0.1859375 0.3125 0.1859375 0.3078125 0.18125 0.2953125 0.1828125 0.2921875 0.1796875 0.290625 0.1546875 0.29375 0.15 0.3171875 0.15
1 0.271875 0.175 0.2765625 0.175 0.2828125 0.1828125 0.2828125 0.1984375 0.275 0.2 0.2703125 0.1875 0.271875 0.1765625
2 0.209375 0.175 0.2109375 0.184375 0.2140625 0.1875 0.2171875 0.1875 0.2234375 0.18125 0.228125 0.18125 0.2375 0.1921875 0.2421875 0.2203125 0.2296875 0.2296875 0.2234375 0.228125 0.21875 0.2234375 0.203125 0.2265625 0.19375 0.21875 0.190625 0.18125 0.1921875 0.178125 0.196875 0.1765625 0.203125 0.178125 0.2078125 0.1765625