0 0.76875 0.1828125 0.7734375 0.1890625 0.775 0.1984375 0.7734375 0.2109375 0.7703125 0.2140625 0.7609375 0.2125 0.7546875 0.2171875 0.75 0.2171875 0.740625 0.2109375 0.7390625 0.20625 0.740625 0.190625 0.75 0.184375 0.7671875 0.1828125
0 0.13125 0.4375 0.1359375 0.44375 0.1375 0.4796875 0.128125 0.49375 0.121875 0.4984375 0.1125 0.496875 0.103125 0.5 0.0921875 0.509375 0.0859375 0.5109375 0.0734375 0.5265625 0.06875 0.5296875 0.0609375 0.5296875 0.0546875 0.534375 0.0484375 0.5328125 0.046875 0.5078125 0.0484375 0.5015625 0.0578125 0.490625 0.0578125 0.48125 0.0625 0.46875 0.0703125 0.4625 0.0765625 0.4640625 0.0828125 0.4609375 0.0953125 0.45 0.1015625 0.4484375 0.115625 0.4375 0.1296875 0.4375
0 0.7375 0.1625 0.7515625 0.1609375 0.7609375 0.1625 0.7640625 0.1640625 0.7671875 0.1734375 0.7671875 0.1828125 0.7390625 0.1859375 0.7359375 0.178125 0.7375 0.1640625
0 0.865625 0.1375 0.86875 0.140625 0.86875 0.15625 0.865625 0.1609375 0.859375 0.1640625 0.85 0.1609375 0.846875 0.1578125 0.846875 0.153125 0.8546875 0.1390625 0.8640625 0.1375
0 0.1234375 0.41875 0.1296875 0.428125 0.1296875 0.4359375 0.115625 0.4359375 0.109375 0.4421875 0.0953125 0.4484375 0.08125 0.4609375 0.065625 0.4640625 0.05625 0.4765625 0.05625 0.48125 0.053125 0.4859375 0.04375 0.4890625 0.0390625 0.4890625 0.0375 0.4859375 0.0375 0.475 0.0421875 0.4640625 0.0546875 0.45 0.0859375 0.4265625 0.1046875 0.425 0.115625 0.4171875 0.121875 0.41875
0 0.859375 0.3546875 0.8640625 0.3625 0.8625 0.3640625 0.8640625 0.39375 0.859375 0.409375 0.834375 0.3984375 0.834375 0.378125 0.8359375 0.3765625 0.834375 0.365625 0.8390625 0.3546875 0.846875 0.35 0.8546875 0.35 0.8578125 0.3546875
0 0.9 0.3078125 0.9109375 0.3234375 0.9109375 0.33125 0.90625 0.3484375 0.903125 0.3484375 0.896875 0.35625 0.89375 0.35625 0.8890625 0.346875 0.8859375 0.35 0.88125 0.346875 0.8765625 0.334375 0.878125 0.3265625 0.8859375 0.3125 0.8890625 0.3109375 0.896875 0.3125 0.9 0.309375
0 0.928125 0.30625 0.928125 0.2921875 0.9375 0.2828125 0.9421875 0.2828125 0.946875 0.2875 0.9453125 0.3109375 0.9390625 0.3140625 0.9296875 0.30625
0 0.0453125 0.4125 0.0578125 0.4 0.0609375 0.4 0.06875 0.39375 0.0734375 0.39375 0.0796875 0.4015625 0.0875 0.4203125 0.0859375 0.428125 0.0796875 0.434375 0.075 0.4359375 0.065625 0.446875 0.0578125 0.4484375 0.0515625 0.4578125 0.04375 0.4625 0.0421875 0.4875 0.0375 0.4921875 0.028125 0.4953125 0.021875 0.4890625 0.025 0.45 0.0359375 0.4359375 0.0390625 0.425 0.0453125 0.4140625
0 0.4625 0.2640625 0.4703125 0.2640625 0.4828125 0.26875 0.4859375 0.2921875 0.4859375 0.3171875 0.4765625 0.3328125 0.475 0.3453125 0.4734375 0.346875 0.46875 0.34375 0.45 0.3453125 0.446875 0.3421875 0.44375 0.3296875 0.44375 0.3140625 0.4578125 0.2734375 0.4625 0.265625
0 0.93125 0.14375 0.934375 0.1640625 0.93125 0.16875 0.921875 0.171875 0.915625 0.16875 0.915625 0.153125 0.921875 0.1453125 0.9296875 0.14375
0 0.684375 0.1484375 0.703125 0.1515625 0.70625 0.1578125 0.7046875 0.18125 0.6984375 0.178125 0.696875 0.1796875 0.690625 0.178125 0.6828125 0.1859375 0.66875 0.178125 0.6671875 0.1640625 0.6765625 0.15625 0.678125 0.15 0.6828125 0.15
0 0.4 0.0796875 0.4078125 0.0921875 0.409375 0.1 0.4078125 0.1078125 0.4 0.1125 0.39375 0.1109375 0.390625 0.1046875 0.390625 0.0859375 0.39375 0.0796875 0.3984375 0.0796875
0 0.834375 0.246875 0.8453125 0.25 0.8578125 0.265625 0.859375 0.26875 0.8578125 0.2859375 0.8546875 0.2890625 0.840625 0.2921875 0.821875 0.278125 0.81875 0.265625 0.8203125 0.2578125 0.8265625 0.2484375 0.8328125 0.2484375
0 0.05625 0.45 0.0625 0.4484375 0.0734375 0.4375 0.0890625 0.4265625 0.103125 0.425 0.1140625 0.4171875 0.1265625 0.415625 0.1296875 0.421875 0.13125 0.434375 0.1296875 0.4390625 0.1203125 0.4359375 0.103125 0.446875 0.09375 0.45 0.0828125 0.4609375 0.0703125 0.4625 0.0640625 0.465625 0.05625 0.4765625 0.05625 0.48125 0.053125 0.4859375 0.0421875 0.4859375 0.04375 0.465625 0.05625 0.4515625
1 0.4265625 0.2421875 0.428125 0.2640625 0.4203125 0.2734375 0.4171875 0.2734375 0.415625 0.26875 0.4140625 0.2453125 0.425 0.2421875
1 0.725 0.175 0.728125 0.1796875 0.728125 0.1890625 0.7234375 0.2 0.7140625 0.196875 0.715625 0.18125 0.7234375 0.175
3 0.459375 0.125 0.4640625 0.1296875 0.471875 0.15 0.471875 0.1703125 0.46875 0.1734375 0.45625 0.175 0.45 0.1734375 0.4375 0.1609375 0.434375 0.1359375 0.4359375 0.125 0.440625 0.11875 0.4453125 0.1171875 0.4515625 0.11875 0.4578125 0.125