0 0.053125 0.1671875 0.0609375 0.175 0.0609375 0.184375 0.053125 0.1890625 0.046875 0.184375 0.0453125 0.178125 0.0453125 0.171875 0.0515625 0.1671875
0 0.26875 0.15 0.2765625 0.1515625 0.284375 0.1578125 0.2859375 0.1859375 0.2796875 0.1828125 0.26875 0.1671875 0.25625 0.1640625 0.259375 0.1546875 0.2671875 0.15
0 0.8390625 0.7125 0.853125 0.721875 0.8578125 0.721875 0.871875 0.7140625 0.8765625 0.7140625 0.8953125 0.725 0.8984375 0.7296875 0.9109375 0.7359375 0.9171875 0.7453125 0.91875 0.7609375 0.925 0.78125 0.925 0.7984375 0.921875 0.80625 0.91875 0.8359375 0.9140625 0.846875 0.9 0.85 0.89375 0.8546875 0.8890625 0.853125 0.8859375 0.8484375 0.884375 0.8390625 0.8734375 0.828125 0.8640625 0.8234375 0.853125 0.8125 0.8453125 0.8109375 0.8328125 0.8 0.8203125 0.7984375 0.815625 0.790625 0.8125 0.778125 0.8140625 0.75 0.8234375 0.725 0.8328125 0.7140625 0.8375 0.7125
0 0.8859375 0.86875 0.903125 0.88125 0.9234375 0.8796875 0.9484375 0.9 0.9640625 0.91875 0.96875 0.93125 0.9703125 0.971875 0.965625 0.9875 0.965625 0.9953125 0.9625 0.9984375 0.940625 0.9984375 0.9390625 0.996875 0.9359375 0.9984375 0.934375 0.996875 0.896875 0.9984375 0.890625 0.9875 0.8734375 0.9703125 0.8578125 0.9640625 0.8546875 0.9578125 0.8546875 0.95 0.8484375 0.9390625 0.8484375 0.9234375 0.853125 0.90625 0.865625 0.884375 0.8671875 0.8765625 0.875 0.8703125 0.884375 0.86875
0 0.8765625 0.6390625 0.8765625 0.6421875 0.884375 0.65 0.8953125 0.65 0.8984375 0.646875 0.9078125 0.6453125 0.925 0.653125 0.946875 0.675 0.9484375 0.7015625 0.9515625 0.709375 0.9515625 0.7203125 0.946875 0.7375 0.946875 0.7515625 0.94375 0.759375 0.9296875 0.7609375 0.925 0.765625 0.921875 0.7546875 0.9234375 0.7421875 0.909375 0.728125 0.8984375 0.7234375 0.8921875 0.7171875 0.8734375 0.709375 0.859375 0.7171875 0.8546875 0.7171875 0.8453125 0.7078125 0.8453125 0.703125 0.853125 0.6859375 0.853125 0.6734375 0.8578125 0.6578125 0.8609375 0.6515625 0.875 0.6390625
0 0.1921875 0.1890625 0.196875 0.1921875 0.203125 0.2046875 0.203125 0.2171875 0.1921875 0.221875 0.178125 0.21875 0.1734375 0.2109375 0.175 0.190625 0.18125 0.1875 0.190625 0.1890625
0 0.1921875 0.159375 0.196875 0.1625 0.2046875 0.175 0.2046875 0.184375 0.2 0.1890625 0.1859375 0.1859375 0.178125 0.178125 0.1796875 0.1625 0.190625 0.159375
0 0.0671875 0.153125 0.0703125 0.159375 0.0671875 0.1734375 0.059375 0.1734375 0.0546875 0.16875 0.05625 0.1578125 0.0609375 0.153125 0.065625 0.153125
0 0.1078125 0.16875 0.01875 0.0234375
0 0.14375 0.35 0.1578125 0.3515625 0.1625 0.3609375 0.1625 0.3765625 0.1640625 0.378125 0.1640625 0.396875 0.1515625 0.4046875 0.1390625 0.4078125 0.134375 0.39375 0.1359375 0.3609375 0.14375 0.3515625
0 0.2671875 0.1640625 0.2796875 0.1796875 0.278125 0.196875 0.2703125 0.2 0.265625 0.2 0.2625 0.196875 0.253125 0.1734375 0.253125 0.16875 0.2578125 0.1640625 0.265625 0.1640625
0 0.0984375 0.3046875 0.1015625 0.3125 0.10625 0.3109375 0.1125 0.3125 0.1203125 0.325 0.1203125 0.3328125 0.115625 0.3390625 0.115625 0.3453125 0.1125 0.3484375 0.1125 0.3421875 0.115625 0.340625 0.1140625 0.3328125 0.109375 0.33125 0.1046875 0.325 0.0984375 0.3234375 0.09375 0.3140625 0.096875 0.30625
0 0.1453125 0.14375 0.1515625 0.15 0.1515625 0.1546875 0.1421875 0.1640625 0.1328125 0.1609375 0.13125 0.1515625 0.134375 0.1421875 0.14375 0.14375
0 0.06171875 0.2984375 0.0203125 0.03359375
0 0.246875 0.2 0.25625 0.20625 0.2625 0.215625 0.2609375 0.23125 0.25 0.2375 0.2328125 0.23125 0.225 0.2203125 0.2265625 0.20625 0.234375 0.2015625 0.2453125 0.2
0 0.0359375 0.15 0.046875 0.15 0.05 0.1546875 0.05 0.1609375 0.0421875 0.1671875 0.0390625 0.1671875 0.034375 0.15625 0.0359375 0.1515625
0 0.303125 0.1546875 0.3171875 0.16875 0.3171875 0.1796875 0.3140625 0.184375 0.309375 0.1859375 0.2890625 0.184375 0.2890625 0.178125 0.2859375 0.1734375 0.2875 0.159375 0.2953125 0.153125 0.3015625 0.1546875
0 0.109375 0.325 0.1125 0.325 0.1171875 0.33125 0.11875 0.3421875 0.115625 0.3484375 0.1109375 0.35 0.109375 0.3453125 0.10625 0.3484375 0.1046875 0.3578125 0.1 0.35625 0.090625 0.346875 0.0859375 0.3296875 0.0859375 0.325 0.0921875 0.3171875 0.096875 0.3203125 0.10625 0.3359375 0.109375 0.3265625
3 0.171875 0.1546875 0.178125 0.165625 0.178125 0.1734375 0.171875 0.1796875 0.1671875 0.1796875 0.159375 0.1703125 0.15 0.165625 0.15 0.1578125 0.1546875 0.153125 0.1703125 0.1546875