0 0.9671875 0.975 0.9828125 0.98125 0.9984375 0.9953125 0.9984375 0.9984375 0.9546875 0.9984375 0.95625 0.9890625 0.965625 0.9765625
0 0.1390625 0.1390625 0.14375 0.140625 0.15 0.1484375 0.15 0.159375 0.1421875 0.165625 0.1359375 0.1640625 0.1296875 0.1578125 0.13125 0.140625 0.1375 0.1390625
0 0.175 0.3171875 0.171875 0.3109375 0.171875 0.303125 0.178125 0.290625 0.184375 0.2875 0.1953125 0.275 0.209375 0.275 0.2140625 0.2796875 0.2171875 0.2875 0.21875 0.3046875 0.215625 0.3109375 0.20625 0.315625 0.2 0.325 0.1921875 0.3203125 0.1765625 0.3171875
0 0.965625 0.4296875 0.98125 0.440625 0.9859375 0.4609375 0.9953125 0.475 0.9984375 0.4890625 0.9984375 0.5203125 0.99375 0.5234375 0.9859375 0.5171875 0.9765625 0.515625 0.971875 0.5109375 0.9640625 0.509375 0.9578125 0.5015625 0.946875 0.4953125 0.9421875 0.484375 0.9421875 0.4609375 0.9453125 0.4484375 0.9546875 0.43125 0.9578125 0.428125 0.9640625 0.4296875
0 0.1734375 0.15625 0.1828125 0.1640625 0.184375 0.1734375 0.1828125 0.178125 0.171875 0.1859375 0.165625 0.1859375 0.1609375 0.18125 0.1609375 0.1609375 0.1671875 0.15625 0.171875 0.15625
0 0.1984375 0.1625 0.2078125 0.1640625 0.21875 0.171875 0.2203125 0.1765625 0.2203125 0.18125 0.2140625 0.1890625 0.196875 0.1875 0.1953125 0.1859375 0.1953125 0.1703125 0.1984375 0.1640625
0 0.234375 0.1828125 0.240625 0.1859375 0.2546875 0.1875 0.2578125 0.1921875 0.2578125 0.2109375 0.2484375 0.2171875 0.2421875 0.2171875 0.2375 0.2125 0.2296875 0.215625 0.225 0.2078125 0.225 0.1921875 0.2265625 0.1875 0.2328125 0.1828125
0 0.234375 0.1625 0.24375 0.1609375 0.25625 0.1625 0.2625 0.1734375 0.2625 0.184375 0.2578125 0.19375 0.2546875 0.1890625 0.246875 0.1890625 0.23125 0.1828125 0.2296875 0.178125 0.234375 0.1640625
0 0.5515625 0.1671875 0.559375 0.1765625 0.5609375 0.1875 0.5609375 0.20625 0.553125 0.2265625 0.534375 0.2265625 0.53125 0.2140625 0.5359375 0.1890625 0.5390625 0.1859375 0.54375 0.171875 0.55 0.1671875
0 0.0609375 0.2984375 0.02109375 0.03359375
0 0.31875 0.15 0.321875 0.1578125 0.3296875 0.1640625 0.33125 0.1734375 0.3265625 0.18125 0.315625 0.1859375 0.3125 0.1859375 0.3078125 0.18125 0.29375 0.1828125 0.2921875 0.15625 0.296875 0.15 0.3171875 0.15
0 0.0875 0.3140625 0.0921875 0.3140625 0.096875 0.31875 0.096875 0.321875 0.103125 0.3265625 0.1046875 0.340625 0.103125 0.353125 0.0953125 0.3515625 0.090625 0.346875 0.0890625 0.3375 0.0828125 0.3265625 0.0875 0.315625
0 0.14375 0.35 0.153125 0.35 0.159375 0.3546875 0.1625 0.3625 0.1640625 0.378125 0.1625 0.3984375 0.140625 0.409375 0.1375 0.40625 0.134375 0.3921875 0.1359375 0.3609375 0.14375 0.3515625
0 0.2046875 0.146875 0.21875 0.14375 0.228125 0.1515625 0.23125 0.1578125 0.228125 0.1671875 0.2234375 0.171875 0.2171875 0.171875 0.2125 0.165625 0.2015625 0.1609375 0.2046875 0.1484375
1 0.275 0.175 0.2828125 0.1828125 0.2828125 0.1984375 0.275 0.2 0.271875 0.1953125 0.2703125 0.18125 0.2734375 0.1765625