0 0.5859375 0.2265625 0.5953125 0.234375 0.603125 0.25 0.6140625 0.2625 0.6171875 0.275 0.615625 0.2859375 0.609375 0.290625 0.6015625 0.290625 0.5953125 0.2953125 0.590625 0.2953125 0.584375 0.2828125 0.575 0.2734375 0.5671875 0.2796875 0.5625 0.259375 0.5640625 0.2390625 0.5671875 0.2328125 0.5734375 0.2265625 0.578125 0.225 0.584375 0.2265625
0 0.5234375 0.1796875 0.03984375 0.04609375
0 0.5734375 0.140625 0.578125 0.1390625 0.584375 0.14375 0.584375 0.1828125 0.578125 0.1875 0.5609375 0.1859375 0.5578125 0.1796875 0.559375 0.165625 0.565625 0.1515625 0.5734375 0.1421875
0 0.18359375 0.20390625 0.0296875 0.03359375
0 0.2234375 0.1671875 0.2296875 0.171875 0.2328125 0.178125 0.2328125 0.190625 0.2296875 0.196875 0.2265625 0.1984375 0.2203125 0.196875 0.215625 0.1890625 0.2171875 0.1703125 0.221875 0.1671875
0 0.1359375 0.1375 0.14375 0.140625 0.1515625 0.1515625 0.15 0.1609375 0.1421875 0.165625 0.13125 0.1609375 0.1296875 0.1578125 0.1296875 0.1421875 0.134375 0.1375
0 0.109375 0.3234375 0.115625 0.328125 0.11875 0.334375 0.11875 0.34375 0.1125 0.35 0.1078125 0.3421875 0.10625 0.35625 0.1 0.35625 0.09375 0.3484375 0.090625 0.3484375 0.0890625 0.3375 0.0859375 0.3328125 0.0859375 0.325 0.0890625 0.31875 0.0953125 0.3171875 0.096875 0.321875 0.103125 0.328125 0.10625 0.340625 0.109375 0.325
0 0.5734375 0.1125 0.5765625 0.115625 0.578125 0.134375 0.56875 0.146875 0.5625 0.1515625 0.553125 0.1484375 0.5515625 0.14375 0.553125 0.1328125 0.5609375 0.1171875 0.5671875 0.1125 0.571875 0.1125
0 0.0984375 0.3046875 0.103125 0.3125 0.109375 0.3109375 0.1140625 0.3140625 0.1203125 0.328125 0.1203125 0.3359375 0.115625 0.3390625 0.1125 0.33125 0.096875 0.321875 0.0953125 0.31875 0.096875 0.30625
0 0.2125 0.1921875 0.2265625 0.2046875 0.2296875 0.2109375 0.2296875 0.221875 0.2234375 0.2234375 0.2171875 0.23125 0.2140625 0.23125 0.209375 0.2265625 0.20625 0.228125 0.2015625 0.225 0.2 0.2015625 0.2109375 0.19375
0 0.1640625 0.15625 0.1703125 0.159375 0.175 0.165625 0.175 0.175 0.1640625 0.184375 0.15625 0.1828125 0.15 0.1703125 0.15 0.1640625 0.153125 0.1578125 0.15625 0.1546875 0.1625 0.15625
0 0.05625 0.28125 0.0609375 0.2828125 0.06875 0.290625 0.0703125 0.3046875 0.059375 0.3140625 0.053125 0.3109375 0.05 0.2890625 0.0546875 0.2828125
0 0.55 0.1796875 0.5546875 0.1828125 0.559375 0.1984375 0.55625 0.234375 0.5359375 0.2375 0.5328125 0.23125 0.5328125 0.2125 0.5390625 0.196875 0.5390625 0.1875 0.5421875 0.1828125 0.5484375 0.18125
0 0.1578125 0.35 0.1625 0.3609375 0.1640625 0.396875 0.14375 0.4078125 0.1390625 0.4078125 0.134375 0.39375 0.1359375 0.3609375 0.1453125 0.35 0.15625 0.35
2 0.634375 0.0703125 0.640625 0.075 0.6421875 0.0984375 0.640625 0.1046875 0.6359375 0.109375 0.6328125 0.109375 0.63125 0.0734375 0.6296875 0.071875 0.628125 0.0734375 0.628125 0.1046875 0.6265625 0.10625 0.628125 0.121875 0.6265625 0.1328125 0.6203125 0.1375 0.6015625 0.134375 0.6046875 0.0953125 0.60625 0.0875 0.6125 0.08125 0.6265625 0.0703125 0.6296875 0.071875 0.6328125 0.0703125