0 0.078125 0.2859375 0.08125 0.2875 0.0921875 0.3046875 0.0921875 0.315625 0.084375 0.3234375 0.0765625 0.3171875 0.0765625 0.3125 0.0734375 0.3078125 0.0734375 0.2875 0.0765625 0.2859375
0 0.2625 0.1875 0.2765625 0.203125 0.275 0.2140625 0.2625 0.221875 0.246875 0.21875 0.2390625 0.203125 0.24375 0.1921875 0.253125 0.1875 0.2609375 0.1875
0 0.171875 0.1453125 0.1796875 0.153125 0.18125 0.1609375 0.175 0.16875 0.16875 0.171875 0.1625 0.171875 0.1609375 0.16875 0.159375 0.15 0.165625 0.1453125 0.1703125 0.1453125
0 0.1515625 0.171875 0.1609375 0.18125 0.1609375 0.1921875 0.1546875 0.1984375 0.14375 0.196875 0.1390625 0.1890625 0.140625 0.175 0.1453125 0.171875 0.15 0.171875
0 0.059375 0.28125 0.071875 0.29375 0.071875 0.2984375 0.06875 0.3046875 0.0578125 0.3140625 0.053125 0.3109375 0.0515625 0.3046875 0.0515625 0.2875 0.0578125 0.28125
0 0.2296875 0.234375 0.225 0.228125 0.21875 0.23125 0.209375 0.23125 0.20625 0.2265625 0.2078125 0.20625 0.2125 0.2 0.2203125 0.196875 0.228125 0.196875 0.24375 0.215625 0.240625 0.2265625 0.23125 0.234375
0 0.2515625 0.1546875 0.259375 0.1625 0.2609375 0.1734375 0.25 0.18125 0.234375 0.1796875 0.2296875 0.1734375 0.2296875 0.159375 0.234375 0.1546875 0.2375 0.153125 0.25 0.1546875
0 0.1328125 0.1390625 0.14375 0.140625 0.15 0.1484375 0.15 0.159375 0.1421875 0.165625 0.1390625 0.165625 0.1328125 0.1609375 0.13125 0.15625 0.1328125 0.140625
0 0.1578125 0.3515625 0.1640625 0.365625 0.1640625 0.3984375 0.1421875 0.409375 0.1390625 0.409375 0.1375 0.40625 0.134375 0.3921875 0.1359375 0.3859375 0.134375 0.3625 0.14375 0.35 0.15625 0.3515625
0 0.10625 0.1640625 0.109375 0.171875 0.1140625 0.1765625 0.1140625 0.184375 0.109375 0.190625 0.103125 0.1921875 0.0984375 0.190625 0.096875 0.1875 0.0953125 0.16875 0.0984375 0.1625 0.1046875 0.1640625
0 0.0984375 0.30625 0.1046875 0.3171875 0.10625 0.3125 0.109375 0.3109375 0.1171875 0.3203125 0.11875 0.325 0.1171875 0.346875 0.1125 0.35 0.109375 0.3453125 0.109375 0.3390625 0.10625 0.3359375 0.103125 0.3390625 0.1015625 0.353125 0.0921875 0.346875 0.0890625 0.3359375 0.0890625 0.3234375 0.096875 0.3078125
0 0.6015625 0.0609375 0.6046875 0.0625 0.60625 0.0671875 0.60625 0.078125 0.6015625 0.0828125 0.590625 0.08125 0.5875 0.0734375 0.5890625 0.0640625 0.6 0.0609375
0 0.2828125 0.1515625 0.2921875 0.165625 0.29375 0.1734375 0.290625 0.1796875 0.28125 0.184375 0.275 0.18125 0.265625 0.18125 0.2625 0.1671875 0.2625 0.1578125 0.26875 0.15 0.28125 0.1515625
2 0.584375 0.11875 0.5875 0.1234375 0.5890625 0.1375 0.5890625 0.153125 0.5859375 0.1625 0.584375 0.1796875 0.58125 0.1796875 0.571875 0.1890625 0.553125 0.1859375 0.5515625 0.1828125 0.553125 0.15 0.55625 0.1453125 0.559375 0.1265625 0.5703125 0.11875 0.5765625 0.1171875 0.5828125 0.11875