0 0.15625 0.35 0.159375 0.3578125 0.165625 0.3625 0.1671875 0.3671875 0.16875 0.3953125 0.165625 0.4 0.1578125 0.403125 0.1484375 0.4109375 0.14375 0.4109375 0.1421875 0.4015625 0.134375 0.3859375 0.1328125 0.3609375 0.1453125 0.3484375 0.1546875 0.35
0 0.084375 0.2921875 0.0875 0.2984375 0.0953125 0.3046875 0.096875 0.3109375 0.0921875 0.3203125 0.0828125 0.3296875 0.0765625 0.3296875 0.0703125 0.3265625 0.065625 0.315625 0.065625 0.3125 0.0734375 0.3078125 0.0765625 0.29375 0.0828125 0.2921875
0 0.2515625 0.1859375 0.2609375 0.203125 0.2609375 0.209375 0.2515625 0.2171875 0.234375 0.2140625 0.2296875 0.2046875 0.228125 0.1953125 0.23125 0.1875 0.2375 0.1828125 0.2453125 0.18125 0.25 0.1859375
0 0.990625 0.81875 0.9921875 0.8234375 0.9984375 0.8296875 0.9984375 0.9234375 0.99375 0.9234375 0.9875 0.915625 0.9796875 0.9171875 0.975 0.9140625 0.9671875 0.8984375 0.9640625 0.8859375 0.9671875 0.8640625 0.9734375 0.84375 0.9890625 0.8203125
0 0.1515625 0.175 0.171875 0.175 0.178125 0.1875 0.175 0.1984375 0.165625 0.2015625 0.153125 0.2 0.15 0.1953125 0.1515625 0.1765625
0 0.1046875 0.3078125 0.109375 0.3078125 0.1171875 0.3125 0.125 0.325 0.125 0.3359375 0.1125 0.346875 0.1015625 0.3484375 0.096875 0.3453125 0.090625 0.3375 0.0890625 0.328125 0.0921875 0.31875 0.0953125 0.315625 0.1 0.315625 0.1046875 0.309375
0 0.0625 0.275 0.071875 0.2875 0.071875 0.3 0.0640625 0.3109375 0.05625 0.3109375 0.05 0.2859375 0.0515625 0.2765625 0.0609375 0.275
0 0.99375 0.946875 0.9984375 0.9484375 0.9984375 0.9984375 0.971875 0.9984375 0.9734375 0.990625 0.9796875 0.9796875 0.98125 0.9703125 0.99375 0.9484375
0 0.2734375 0.15 0.2875 0.1640625 0.2890625 0.1765625 0.2828125 0.1859375 0.2765625 0.1859375 0.2734375 0.1765625 0.259375 0.1625 0.259375 0.1546875 0.2671875 0.15 0.271875 0.15
0 0.115625 0.24375 0.121875 0.25 0.1234375 0.2546875 0.1234375 0.2734375 0.1125 0.2828125 0.1046875 0.278125 0.1 0.278125 0.0984375 0.2625 0.1046875 0.246875 0.1140625 0.24375
0 0.046875 0.26875 0.05 0.26875 0.0546875 0.275 0.0625 0.275 0.071875 0.2875 0.071875 0.3 0.06875 0.30625 0.0640625 0.3109375 0.05625 0.3109375 0.0484375 0.2859375 0.046875 0.2703125
0 0.2375 0.153125 0.2421875 0.1546875 0.2484375 0.1640625 0.2484375 0.171875 0.2390625 0.1765625 0.23125 0.1765625 0.2203125 0.171875 0.221875 0.159375 0.23125 0.153125 0.2359375 0.153125
0 0.25 0.175 0.253125 0.1640625 0.259375 0.1625 0.2734375 0.178125 0.2765625 0.1875 0.275 0.1953125 0.26875 0.2 0.2640625 0.2 0.259375 0.1875 0.2515625 0.1765625
2 0.1953125 0.178125 0.0359375 0.04453125
2 0.12890625 0.17265625 0.0375 0.04296875