0 0.2578125 0.2046875 0.03828125 0.034375
0 0.0609375 0.2828125 0.0703125 0.2921875 0.071875 0.2984375 0.06875 0.3046875 0.0578125 0.3140625 0.053125 0.3109375 0.05 0.29375 0.0546875 0.2828125 0.05625 0.28125 0.059375 0.2828125
0 0.2265625 0.196875 0.2421875 0.2125 0.24375 0.2171875 0.240625 0.2265625 0.23125 0.2328125 0.225 0.2328125 0.2203125 0.228125 0.2171875 0.23125 0.209375 0.23125 0.20625 0.2234375 0.20625 0.2125 0.209375 0.2 0.225 0.196875
0 0.246875 0.153125 0.2515625 0.1546875 0.2609375 0.165625 0.2609375 0.1734375 0.2484375 0.18125 0.234375 0.1796875 0.2296875 0.171875 0.23125 0.1578125 0.2375 0.153125 0.2453125 0.153125
0 0.1703125 0.1578125 0.02421875 0.02890625
0 0.1546875 0.3515625 0.1609375 0.35625 0.1640625 0.3671875 0.1640625 0.396875 0.140625 0.409375 0.1375 0.40625 0.134375 0.39375 0.1359375 0.3859375 0.134375 0.3625 0.14375 0.35 0.153125 0.3515625
0 0.1421875 0.15625 0.15 0.1625 0.1515625 0.175 0.15 0.178125 0.140625 0.1828125 0.134375 0.1828125 0.13125 0.175 0.1328125 0.15625 0.134375 0.1546875 0.140625 0.15625
0 0.0984375 0.30625 0.1046875 0.3171875 0.1078125 0.315625 0.10625 0.3125 0.1078125 0.3109375 0.1125 0.3125 0.11875 0.3234375 0.1203125 0.334375 0.115625 0.3484375 0.1125 0.35 0.1109375 0.3484375 0.109375 0.3375 0.10625 0.334375 0.103125 0.3390625 0.1046875 0.3515625 0.1 0.353125 0.0921875 0.3484375 0.0890625 0.3359375 0.0890625 0.325 0.0984375 0.3078125
0 0.509375 0.1375 0.5171875 0.1484375 0.5171875 0.15625 0.515625 0.1609375 0.5015625 0.1734375 0.4890625 0.1734375 0.484375 0.16875 0.484375 0.15 0.490625 0.140625 0.5078125 0.1375
0 0.28125 0.15 0.29375 0.16875 0.2921875 0.178125 0.2828125 0.184375 0.275 0.18125 0.265625 0.18125 0.2625 0.16875 0.2640625 0.153125 0.2734375 0.1484375 0.2796875 0.15
1 0.065625 0.171875 0.01171875 0.0234375
1 0.9984375 0.840625 0.9984375 0.91875 0.99375 0.9171875 0.9890625 0.9078125 0.9859375 0.8875 0.9875 0.8625 0.9984375 0.8421875
1 0.08125 0.1640625 0.084375 0.1640625 0.0875 0.16875 0.09375 0.165625 0.0984375 0.175 0.09375 0.18125 0.08125 0.178125 0.0796875 0.1734375 0.08125 0.165625
1 0.0109375 0.1640625 0.015625 0.1640625 0.01875 0.1703125 0.0171875 0.178125 0.0109375 0.1796875 0.009375 0.175 0.0109375 0.165625