0 0.1578125 0.3515625 0.1640625 0.3671875 0.1640625 0.396875 0.1421875 0.4078125 0.1390625 0.4078125 0.134375 0.39375 0.1359375 0.384375 0.134375 0.3609375 0.14375 0.35 0.15625 0.3515625
0 0.0515625 0.2875 0.05625 0.2828125 0.0609375 0.2828125 0.071875 0.2953125 0.06875 0.3046875 0.0609375 0.3125 0.05625 0.3140625 0.0515625 0.30625 0.0515625 0.2890625
0 0.1375 0.1375 0.1484375 0.1453125 0.15 0.15 0.1484375 0.1609375 0.14375 0.1609375 0.140625 0.1578125 0.1328125 0.1578125 0.1296875 0.1515625 0.1296875 0.1390625 0.1359375 0.1375
0 0.0953125 0.31875 0.0953125 0.321875 0.1015625 0.325 0.103125 0.328125 0.1046875 0.3359375 0.103125 0.3375 0.1046875 0.34375 0.103125 0.3546875 0.1 0.3546875 0.090625 0.346875 0.0875 0.3359375 0.0875 0.325 0.09375 0.31875
0 0.1421875 0.159375 0.146875 0.1640625 0.1484375 0.175 0.146875 0.1796875 0.140625 0.1828125 0.1359375 0.18125 0.13125 0.16875 0.1328125 0.159375 0.134375 0.1578125 0.140625 0.159375
0 0.0984375 0.30625 0.1015625 0.3125 0.10625 0.3109375 0.1125 0.3125 0.11875 0.3234375 0.1203125 0.33125 0.115625 0.3484375 0.1125 0.35 0.1109375 0.3484375 0.109375 0.3375 0.10625 0.334375 0.103125 0.3375 0.1046875 0.3484375 0.1015625 0.353125 0.0921875 0.346875 0.0890625 0.3359375 0.090625 0.3296875 0.0890625 0.325 0.09375 0.3125 0.0984375 0.3078125
0 0.209375 0.18125 0.2140625 0.1859375 0.2203125 0.1875 0.221875 0.1921875 0.215625 0.2046875 0.20625 0.2109375 0.1921875 0.20625 0.190625 0.1921875 0.1921875 0.1875 0.196875 0.184375 0.2078125 0.18125
0 0.084375 0.165625 0.0875 0.171875 0.090625 0.1671875 0.09375 0.1671875 0.0984375 0.175 0.0984375 0.184375 0.0875 0.1859375 0.0828125 0.175 0.084375 0.1671875
0 0.29375 0.15 0.3109375 0.165625 0.3125 0.16875 0.3109375 0.1796875 0.303125 0.1859375 0.290625 0.184375 0.28125 0.1859375 0.2796875 0.184375 0.278125 0.1671875 0.28125 0.1578125 0.2921875 0.1515625
3 0.2484375 0.178125 0.2515625 0.1796875 0.2578125 0.1921875 0.259375 0.209375 0.246875 0.2171875 0.240625 0.2140625 0.234375 0.2140625 0.23125 0.2109375 0.228125 0.190625 0.2296875 0.184375 0.2359375 0.178125 0.246875 0.178125
3 0.2640625 0.16171875 0.02890625 0.03203125