0 0.75625 0.178125 0.765625 0.184375 0.7703125 0.1953125 0.765625 0.2109375 0.7515625 0.21875 0.7390625 0.2109375 0.7375 0.20625 0.7453125 0.1875 0.7546875 0.178125
0 0.8421875 0.35 0.853125 0.3484375 0.865625 0.3609375 0.8640625 0.384375 0.8546875 0.4109375 0.85 0.4109375 0.8390625 0.4015625 0.8296875 0.3984375 0.8296875 0.38125 0.8328125 0.3734375 0.8328125 0.365625 0.8421875 0.3515625
0 0 0.94375 0.00625 0.946875 0.0109375 0.959375 0.015625 0.9640625 0.021875 0.9859375 0.0265625 0.99375 0.0265625 0.9984375 0 0.9984375 0 0.9453125
0 0.73125 0.15 0.7390625 0.1546875 0.7390625 0.1609375 0.734375 0.16875 0.725 0.1765625 0.7203125 0.1859375 0.715625 0.1859375 0.7125 0.1828125 0.709375 0.1765625 0.709375 0.16875 0.7140625 0.159375 0.7203125 0.153125 0.725 0.15 0.7296875 0.15
0 0.8359375 0.18828125 0.0296875 0.02890625
0 0.9125 0.29375 0.9203125 0.29375 0.925 0.3078125 0.9296875 0.309375 0.9328125 0.3140625 0.93125 0.321875 0.9265625 0.328125 0.9234375 0.3296875 0.9140625 0.328125 0.903125 0.315625 0.9015625 0.3109375 0.9015625 0.30625 0.9125 0.2953125
0 0.0078125 0.8171875 0.0234375 0.840625 0.0296875 0.8578125 0.034375 0.884375 0.03125 0.8984375 0.021875 0.915625 0.0109375 0.9171875 0.0046875 0.9234375 0 0.9234375 0 0.8296875 0.00625 0.825 0.0078125 0.81875
0 0.75 0.1734375 0.75625 0.178125 0.75625 0.18125 0.74375 0.1921875 0.74375 0.196875 0.7375 0.2078125 0.7328125 0.2046875 0.73125 0.1984375 0.7359375 0.1921875 0.7359375 0.1859375 0.7390625 0.1796875 0.7484375 0.1734375
0 0.95625 0.15625 0.9640625 0.1609375 0.9640625 0.1671875 0.9609375 0.171875 0.9546875 0.171875 0.9484375 0.165625 0.95 0.1578125 0.9546875 0.15625
0 0.9046875 0.3171875 0.909375 0.3265625 0.9078125 0.3375 0.903125 0.34375 0.896875 0.346875 0.89375 0.34375 0.8890625 0.346875 0.875 0.3359375 0.8734375 0.325 0.8765625 0.31875 0.8890625 0.3078125 0.89375 0.3078125 0.89375 0.3109375 0.903125 0.3171875
0 0.9484375 0.26875 0.9515625 0.26875 0.9515625 0.275 0.946875 0.290625 0.9453125 0.3 0.946875 0.303125 0.94375 0.309375 0.934375 0.3109375 0.9296875 0.30625 0.9265625 0.2984375 0.9265625 0.2890625 0.93125 0.2796875 0.9359375 0.275 0.9453125 0.2734375 0.9484375 0.2703125
0 0.765625 0.153125 0.7765625 0.159375 0.7765625 0.1703125 0.765625 0.1765625 0.75625 0.1734375 0.7515625 0.165625 0.753125 0.1578125 0.759375 0.153125 0.7640625 0.153125
0 0.73671875 0.1828125 0.028125 0.040625
1 0.0875 0.815625 0.1 0.81875 0.1078125 0.8265625 0.1140625 0.8390625 0.115625 0.853125 0.0984375 0.8734375 0.0953125 0.871875 0.09375 0.8734375 0.0921875 0.8796875 0.08125 0.8890625 0.08125 0.89375 0.078125 0.896875 0.0734375 0.896875 0.0671875 0.890625 0.065625 0.878125 0.05625 0.859375 0.05625 0.840625 0.071875 0.828125 0.0734375 0.8171875 0.078125 0.821875 0.0859375 0.8171875
2 0.8125 0.159375 0.8203125 0.1640625 0.8203125 0.184375 0.8171875 0.1953125 0.8109375 0.2 0.809375 0.2171875 0.7859375 0.234375 0.78125 0.2328125 0.771875 0.2234375 0.771875 0.2140625 0.775 0.209375 0.775 0.203125 0.7796875 0.1984375 0.7875 0.1828125 0.7875 0.1625 0.790625 0.1578125 0.796875 0.15625 0.8046875 0.15625 0.8109375 0.159375
2 0.8703125 0.1515625 0.88125 0.1546875 0.8890625 0.1703125 0.884375 0.1765625 0.884375 0.1859375 0.88125 0.1859375 0.875 0.1921875 0.865625 0.19375 0.8609375 0.19375 0.8515625 0.1859375 0.8515625 0.1765625 0.8578125 0.153125 0.86875 0.1515625
2 0.8046875 0.15625 0.8203125 0.1640625 0.81875 0.190625 0.815625 0.1953125 0.809375 0.1984375 0.8 0.1984375 0.796875 0.1953125 0.796875 0.190625 0.7875 0.1828125 0.7890625 0.159375 0.7953125 0.15625 0.803125 0.15625