0 0.6328125 0.3125 0.64375 0.315625 0.64375 0.3203125 0.640625 0.315625 0.6359375 0.3171875 0.640625 0.3234375 0.65 0.321875 0.65625 0.325 0.659375 0.3359375 0.6796875 0.35 0.6828125 0.3625 0.6828125 0.3796875 0.6796875 0.3859375 0.665625 0.396875 0.6625 0.396875 0.65 0.38125 0.634375 0.3734375 0.628125 0.371875 0.6171875 0.375 0.6125 0.3734375 0.6046875 0.3609375 0.6046875 0.34375 0.6078125 0.3375 0.6078125 0.328125 0.6125 0.3234375 0.621875 0.3234375 0.6234375 0.315625 0.6265625 0.31875 0.63125 0.31875 0.6328125 0.3140625
0 0.26875 0.1921875 0.2765625 0.2015625 0.2765625 0.2109375 0.2625 0.221875 0.246875 0.21875 0.2453125 0.2125 0.2421875 0.2109375 0.2390625 0.2046875 0.2390625 0.2 0.2515625 0.1875 0.2625 0.1875 0.2671875 0.1921875
0 0.0578125 0.28125 0.0703125 0.2921875 0.071875 0.2953125 0.0703125 0.303125 0.0578125 0.3140625 0.053125 0.3109375 0.0515625 0.2875 0.05625 0.2828125
0 0.2484375 0.153125 0.2609375 0.165625 0.2609375 0.1734375 0.2484375 0.1828125 0.2328125 0.1796875 0.2296875 0.1734375 0.2296875 0.159375 0.2359375 0.1546875 0.246875 0.153125
0 0.071875 0.15 0.0765625 0.1578125 0.078125 0.165625 0.0703125 0.1734375 0.0640625 0.1703125 0.0625 0.1640625 0.0640625 0.1515625 0.0671875 0.1484375 0.0703125 0.15
0 0.0953125 0.3171875 0.103125 0.3296875 0.1046875 0.3515625 0.1015625 0.35625 0.090625 0.346875 0.0859375 0.33125 0.0875 0.321875 0.09375 0.3171875
0 0.1390625 0.1390625 0.14375 0.140625 0.15 0.1484375 0.15 0.159375 0.140625 0.1640625 0.1328125 0.1609375 0.1296875 0.1546875 0.1296875 0.14375 0.1328125 0.1390625 0.1375 0.1390625
0 0.084375 0.3 0.0875 0.3 0.09375 0.309375 0.0984375 0.30625 0.1015625 0.3125 0.1078125 0.3109375 0.1125 0.3125 0.121875 0.33125 0.1203125 0.3421875 0.1125 0.35 0.1078125 0.3296875 0.1046875 0.3265625 0.103125 0.328125 0.103125 0.353125 0.1015625 0.3546875 0.0921875 0.3484375 0.084375 0.321875 0.0890625 0.3171875 0.084375 0.315625 0.0875 0.3078125 0.0859375 0.3015625
0 0.28125 0.15 0.29375 0.16875 0.2921875 0.178125 0.2828125 0.184375 0.275 0.18125 0.265625 0.18125 0.2609375 0.1609375 0.2640625 0.153125 0.26875 0.15 0.2796875 0.15
0 0.2140625 0.196875 0.215625 0.1984375 0.228125 0.196875 0.24375 0.2140625 0.240625 0.228125 0.23125 0.2328125 0.225 0.2296875 0.2109375 0.2328125 0.2078125 0.2296875 0.20625 0.2109375 0.2078125 0.203125 0.2125 0.1984375
0 0.15 0.35 0.1578125 0.353125 0.1625 0.3609375 0.1640625 0.3953125 0.1625 0.3984375 0.159375 0.3984375 0.1421875 0.409375 0.1390625 0.409375 0.1359375 0.4015625 0.134375 0.359375 0.14375 0.35 0.1484375 0.35
0 0.61875 0.3078125 0.6265625 0.30625 0.634375 0.3109375 0.6484375 0.3140625 0.6609375 0.3265625 0.6625 0.334375 0.6671875 0.3359375 0.665625 0.3375 0.65625 0.3296875 0.634375 0.3296875 0.628125 0.3265625 0.6140625 0.3265625 0.6109375 0.321875 0.6140625 0.3140625 0.61875 0.309375