0 0.01796875 0.22734375 0.015625 0.0234375
0 0.5671875 0.3765625 0.584375 0.3875 0.59375 0.390625 0.603125 0.4 0.6046875 0.40625 0.6046875 0.43125 0.60625 0.4328125 0.6046875 0.45 0.6 0.459375 0.5953125 0.4625 0.59375 0.4671875 0.5875 0.4734375 0.5796875 0.4703125 0.5703125 0.4703125 0.5625 0.4609375 0.5515625 0.453125 0.5390625 0.4484375 0.5296875 0.440625 0.5265625 0.4421875 0.521875 0.440625 0.5140625 0.4234375 0.5140625 0.4 0.525 0.3875 0.5328125 0.3828125 0.54375 0.3828125 0.553125 0.375 0.565625 0.3765625
0 0.81875 0.3375 0.8375 0.3515625 0.8453125 0.3703125 0.85625 0.378125 0.859375 0.3859375 0.8609375 0.4 0.859375 0.4203125 0.85625 0.4234375 0.846875 0.425 0.8421875 0.4234375 0.8328125 0.4125 0.809375 0.4015625 0.796875 0.3984375 0.790625 0.3890625 0.7890625 0.3703125 0.7953125 0.35 0.7984375 0.3484375 0.8046875 0.3359375 0.8171875 0.3375
0 0.0421875 0.1921875 0.046875 0.196875 0.046875 0.2046875 0.0421875 0.2109375 0.0375 0.2125 0.0328125 0.2109375 0.0328125 0.1984375 0.0359375 0.1921875 0.040625 0.1921875
0 0.0984375 0.3078125 0.1015625 0.325 0.10625 0.321875 0.1046875 0.3140625 0.1078125 0.3109375 0.1125 0.3125 0.1171875 0.3203125 0.11875 0.3421875 0.115625 0.346875 0.1109375 0.3484375 0.109375 0.3453125 0.10625 0.3484375 0.1046875 0.35625 0.1015625 0.35625 0.096875 0.35 0.090625 0.3484375 0.0859375 0.3234375 0.0953125 0.3140625 0.096875 0.309375
0 0.6515625 0.02265625 0.01171875 0.015625
0 0.1546875 0.3515625 0.1609375 0.35625 0.1640625 0.3625 0.165625 0.39375 0.1640625 0.3984375 0.1421875 0.409375 0.1375 0.40625 0.134375 0.3953125 0.1359375 0.3609375 0.14375 0.35 0.153125 0.3515625
0 0.2125 0.3171875 0.2109375 0.3109375 0.2125 0.2921875 0.21875 0.2828125 0.2296875 0.275 0.2421875 0.2765625 0.25 0.284375 0.2515625 0.2875 0.25 0.3125 0.2421875 0.3234375 0.2328125 0.328125 0.2296875 0.328125 0.2234375 0.321875 0.2140625 0.3171875
0 0.059375 0.2375 0.075 0.2390625 0.075 0.253125 0.0671875 0.2640625 0.059375 0.2640625 0.0546875 0.25625 0.0546875 0.2453125 0.059375 0.2390625
0 0.078125 0.2890625 0.090625 0.3 0.0921875 0.30625 0.0921875 0.3140625 0.084375 0.321875 0.075 0.315625 0.0734375 0.290625 0.0765625 0.2890625
0 0.14609375 0.24609375 0.028125 0.0390625
0 0.0609375 0.2828125 0.071875 0.29375 0.071875 0.30625 0.0703125 0.309375 0.065625 0.309375 0.059375 0.3140625 0.053125 0.3125 0.05 0.3015625 0.05 0.2859375 0.0546875 0.2828125 0.059375 0.2828125
0 0.1328125 0.1375 0.14375 0.1390625 0.1484375 0.14375 0.1515625 0.153125 0.1515625 0.1578125 0.1421875 0.165625 0.1390625 0.165625 0.13125 0.1578125 0.13125 0.140625 0.1328125 0.1390625
0 0.434375 0.303125 0.4421875 0.3125 0.4484375 0.325 0.4515625 0.340625 0.4515625 0.35625 0.4484375 0.3609375 0.4453125 0.3609375 0.4390625 0.3671875 0.4359375 0.36875 0.428125 0.3671875 0.4234375 0.3703125 0.41875 0.36875 0.4171875 0.3640625 0.40625 0.3515625 0.3953125 0.346875 0.3921875 0.3359375 0.3921875 0.315625 0.4046875 0.3109375 0.41875 0.3 0.4296875 0.3 0.4328125 0.303125
0 0.0328125 0.1875 0.034375 0.19375 0.03125 0.2 0.0265625 0.2015625 0.01875 0.2 0.0109375 0.2078125 0.0078125 0.20625 0.009375 0.190625 0.0140625 0.1875 0.03125 0.1875
0 0.6015625 0.059375 0.6078125 0.065625 0.6078125 0.08125 0.603125 0.0859375 0.5921875 0.084375 0.5890625 0.0796875 0.5890625 0.0640625 0.5953125 0.059375 0.6 0.059375
0 0.371875 0.1953125 0.3796875 0.2015625 0.378125 0.221875 0.3640625 0.225 0.3546875 0.2234375 0.3515625 0.2203125 0.3453125 0.2203125 0.334375 0.2109375 0.3359375 0.1890625 0.3390625 0.184375 0.3484375 0.1828125 0.35625 0.178125 0.3703125 0.1953125