0 0.0359375 0.2296875 0.040625 0.2375 0.040625 0.2484375 0.034375 0.2515625 0.028125 0.2484375 0.0265625 0.2421875 0.028125 0.23125 0.034375 0.2296875
0 0.14375 0.35 0.1578125 0.3515625 0.1625 0.3625 0.1625 0.378125 0.1640625 0.3796875 0.1625 0.3984375 0.1390625 0.4078125 0.134375 0.3921875 0.1359375 0.3859375 0.1359375 0.3640625 0.134375 0.3625 0.14375 0.3515625
0 0.8390625 0.596875 0.8421875 0.6 0.859375 0.5984375 0.871875 0.603125 0.8828125 0.6125 0.8859375 0.6125 0.9 0.6296875 0.9 0.640625 0.9046875 0.65625 0.903125 0.6828125 0.8921875 0.7140625 0.878125 0.7203125 0.871875 0.7203125 0.8671875 0.7125 0.865625 0.7046875 0.859375 0.6984375 0.85625 0.6984375 0.8296875 0.6734375 0.8234375 0.6703125 0.8125 0.671875 0.8046875 0.6640625 0.8015625 0.640625 0.803125 0.6265625 0.809375 0.6171875 0.8109375 0.6078125 0.8140625 0.6015625 0.8203125 0.6 0.828125 0.5890625 0.8375 0.596875
0 0.075 0.2875 0.08125 0.2890625 0.0875 0.2953125 0.0921875 0.3078125 0.0921875 0.315625 0.0890625 0.3203125 0.0875 0.321875 0.0796875 0.3203125 0.0734375 0.3046875 0.075 0.2890625
0 0.0546875 0.1984375 0.059375 0.203125 0.059375 0.2140625 0.053125 0.21875 0.0453125 0.2171875 0.0453125 0.203125 0.046875 0.2 0.053125 0.1984375
0 0.0984375 0.3078125 0.1046875 0.31875 0.10625 0.3125 0.109375 0.3109375 0.1140625 0.3140625 0.11875 0.3234375 0.1171875 0.3453125 0.1125 0.3484375 0.1109375 0.3375 0.10625 0.3359375 0.103125 0.340625 0.103125 0.35 0.09375 0.3484375 0.090625 0.3453125 0.0875 0.325 0.0984375 0.309375
0 0.0671875 0.2375 0.0671875 0.2578125 0.0609375 0.2640625 0.05625 0.2640625 0.0515625 0.259375 0.05 0.2515625 0.0515625 0.2421875 0.0546875 0.2375 0.065625 0.2375
0 0.0515625 0.2859375 0.05625 0.2828125 0.0609375 0.2828125 0.0703125 0.29375 0.0703125 0.3078125 0.05625 0.3140625 0.0515625 0.3078125 0.05 0.2984375 0.0515625 0.2875
0 0.5203125 0.3359375 0.525 0.3375 0.55 0.3796875 0.5484375 0.396875 0.5359375 0.4078125 0.5296875 0.40625 0.5109375 0.4078125 0.5046875 0.3890625 0.496875 0.38125 0.4828125 0.3734375 0.48125 0.36875 0.48125 0.3453125 0.4890625 0.3375 0.5046875 0.3328125 0.509375 0.3359375 0.51875 0.3359375
0 0.471875 0.1984375 0.471875 0.16875 0.4765625 0.1625 0.4890625 0.15625 0.5015625 0.1578125 0.5078125 0.1640625 0.509375 0.184375 0.5 0.1921875 0.496875 0.1984375 0.4734375 0.1984375
0 0.1484375 0.6359375 0.1625 0.65 0.16875 0.6625 0.16875 0.6734375 0.1625 0.6828125 0.15625 0.6828125 0.1546875 0.678125 0.1515625 0.6828125 0.1515625 0.7171875 0.1546875 0.7234375 0.1546875 0.7328125 0.1484375 0.734375 0.14375 0.7234375 0.134375 0.7234375 0.103125 0.74375 0.0953125 0.7546875 0.090625 0.7546875 0.0875 0.7515625 0.084375 0.7421875 0.0765625 0.7359375 0.075 0.73125 0.075 0.7125 0.078125 0.69375 0.084375 0.6796875 0.0984375 0.6703125 0.10625 0.6515625 0.1109375 0.646875 0.1296875 0.6375 0.14375 0.634375 0.146875 0.6359375