0 0.2421875 0.5578125 0.2546875 0.5828125 0.2578125 0.6046875 0.253125 0.6109375 0.25 0.6109375 0.2453125 0.615625 0.2375 0.634375 0.228125 0.6359375 0.2234375 0.640625 0.2203125 0.6375 0.2171875 0.625 0.2171875 0.6171875 0.2125 0.6046875 0.2125 0.5921875 0.2078125 0.584375 0.2078125 0.5734375 0.20625 0.571875 0.203125 0.5734375 0.2046875 0.5859375 0.2 0.5890625 0.2 0.5921875 0.2046875 0.596875 0.203125 0.6015625 0.19375 0.6046875 0.190625 0.5828125 0.19375 0.575 0.1984375 0.5703125 0.203125 0.5734375 0.209375 0.5625 0.2203125 0.5625 0.2234375 0.565625 0.23125 0.5625 0.2359375 0.5578125 0.240625 0.5578125
0 0.046875 0.26875 0.0546875 0.275 0.0625 0.275 0.071875 0.2890625 0.071875 0.2984375 0.0671875 0.30625 0.0625 0.3109375 0.05625 0.3109375 0.0515625 0.2984375 0.046875 0.2703125
0 0.078125 0.290625 0.084375 0.2921875 0.0875 0.2984375 0.096875 0.3078125 0.0953125 0.315625 0.0828125 0.3296875 0.075 0.33125 0.0703125 0.328125 0.0640625 0.3140625 0.078125 0.2921875
0 0.990625 0.8171875 0.9921875 0.8234375 0.9984375 0.8296875 0.9984375 0.9234375 0.99375 0.9234375 0.9875 0.9171875 0.9796875 0.9171875 0.975 0.9140625 0.9671875 0.8984375 0.9640625 0.8859375 0.9671875 0.8625 0.9734375 0.8484375 0.9734375 0.84375 0.9828125 0.8265625 0.990625 0.81875
0 0.1515625 0.175 0.171875 0.175 0.178125 0.1875 0.175 0.1984375 0.165625 0.2015625 0.153125 0.2 0.15 0.196875 0.1515625 0.1765625
0 0.1640625 0.3609375 0.1671875 0.3703125 0.1703125 0.3984375 0.1609375 0.4015625 0.1484375 0.4109375 0.14375 0.4109375 0.1421875 0.4 0.134375 0.3859375 0.1328125 0.359375 0.14375 0.35 0.1546875 0.3484375 0.1625 0.3609375
0 0.2484375 0.1796875 0.2578125 0.1921875 0.2625 0.2046875 0.2609375 0.2109375 0.2578125 0.2109375 0.2515625 0.2171875 0.234375 0.2140625 0.23125 0.2109375 0.2265625 0.19375 0.228125 0.1875 0.234375 0.18125 0.246875 0.1796875
0 0.1046875 0.3078125 0.1125 0.309375 0.125 0.325 0.125 0.3359375 0.1125 0.346875 0.1015625 0.3484375 0.096875 0.3453125 0.090625 0.3375 0.090625 0.321875 0.09375 0.315625 0.1015625 0.315625 0.1046875 0.309375
0 0.9984375 0.94375 0.9984375 0.9984375 0.971875 0.9984375 0.9796875 0.98125 0.9828125 0.965625 0.9875 0.9609375 0.99375 0.946875 0.996875 0.9453125
0 0.2734375 0.15 0.2859375 0.1609375 0.2890625 0.16875 0.2890625 0.1765625 0.2828125 0.1859375 0.278125 0.1859375 0.2734375 0.1765625 0.259375 0.1625 0.259375 0.1546875 0.2671875 0.15 0.271875 0.15
0 0.2421875 0.1546875 0.2484375 0.1625 0.2484375 0.1734375 0.240625 0.1765625 0.23125 0.1765625 0.2203125 0.1703125 0.2203125 0.1625 0.2234375 0.1578125 0.23125 0.153125 0.240625 0.1546875
0 0.271875 0.2578125 0.2765625 0.2625 0.28125 0.275 0.28125 0.2859375 0.278125 0.2953125 0.26875 0.3015625 0.26875 0.30625 0.265625 0.309375 0.24375 0.3078125 0.2328125 0.3125 0.228125 0.3109375 0.225 0.2984375 0.2265625 0.290625 0.2359375 0.275 0.240625 0.2734375 0.2515625 0.2625 0.2625 0.2578125 0.2703125 0.2578125
0 0.2578125 0.1609375 0.271875 0.175 0.2765625 0.1859375 0.275 0.1953125 0.26875 0.2 0.2640625 0.2 0.2609375 0.196875 0.2609375 0.1921875 0.2515625 0.1765625 0.2515625 0.1671875 0.25625 0.1625
1 0.93125 0.8171875 0.9328125 0.8265625 0.9375 0.8359375 0.946875 0.846875 0.9484375 0.853125 0.9453125 0.8671875 0.9375 0.88125 0.9359375 0.89375 0.928125 0.9 0.921875 0.896875 0.9203125 0.8890625 0.9171875 0.8859375 0.909375 0.884375 0.9015625 0.8890625 0.903125 0.88125 0.9015625 0.875 0.8984375 0.86875 0.8890625 0.8609375 0.8875 0.85 0.8921875 0.83125 0.8953125 0.8265625 0.9140625 0.81875 0.925 0.8203125 0.9296875 0.8171875
2 0.2015625 0.15625 0.209375 0.159375 0.2109375 0.1625 0.2109375 0.184375 0.2046875 0.1890625 0.203125 0.1984375 0.184375 0.196875 0.1796875 0.1921875 0.178125 0.184375 0.178125 0.1640625 0.1890625 0.1578125 0.2 0.15625
2 0.1234375 0.153125 0.128125 0.1546875 0.1328125 0.1515625 0.1375 0.1515625 0.140625 0.1546875 0.1453125 0.165625 0.146875 0.1875 0.1375 0.19375 0.13125 0.19375 0.1234375 0.1921875 0.115625 0.1859375 0.1140625 0.1734375 0.109375 0.1703125 0.109375 0.165625 0.115625 0.15625 0.121875 0.1546875