0 0.0859375 0.3 0.0953125 0.309375 0.0984375 0.30625 0.1015625 0.3125 0.10625 0.3109375 0.1125 0.3125 0.1203125 0.33125 0.11875 0.34375 0.1140625 0.35 0.109375 0.3453125 0.109375 0.3375 0.10625 0.3328125 0.103125 0.334375 0.103125 0.353125 0.0953125 0.35 0.090625 0.3453125 0.0875 0.33125 0.08125 0.3203125 0.08125 0.3125 0.0859375 0.3109375 0.0859375 0.3015625
0 0.2765625 0.1484375 0.28125 0.15 0.29375 0.165625 0.29375 0.175 0.290625 0.1796875 0.2859375 0.18125 0.2828125 0.18125 0.265625 0.16875 0.2640625 0.1578125 0.2703125 0.15 0.275 0.1484375
0 0.171875 0.175 0.178125 0.1734375 0.1859375 0.1765625 0.19375 0.1875 0.19375 0.1984375 0.1875 0.2046875 0.1796875 0.20625 0.1765625 0.203125 0.171875 0.203125 0.16875 0.2 0.16875 0.1828125 0.171875 0.1765625
0 0.2203125 0.1953125 0.221875 0.196875 0.2296875 0.1953125 0.2375 0.203125 0.2421875 0.21875 0.240625 0.2265625 0.234375 0.23125 0.2296875 0.23125 0.221875 0.225 0.2171875 0.23125 0.209375 0.23125 0.20625 0.225 0.20625 0.2078125 0.2109375 0.2015625 0.21875 0.196875
0 0.253125 0.1875 0.2609375 0.1890625 0.2671875 0.1953125 0.271875 0.1953125 0.2765625 0.2 0.275 0.2140625 0.2640625 0.221875 0.25 0.2203125 0.24375 0.2140625 0.2421875 0.1984375 0.246875 0.1890625 0.2515625 0.1875
0 0.1 0.325 0.103125 0.33125 0.103125 0.346875 0.1046875 0.3484375 0.1015625 0.35625 0.090625 0.346875 0.0890625 0.3375 0.084375 0.328125 0.0859375 0.3234375 0.0921875 0.3171875 0.0953125 0.31875 0.0984375 0.325
0 0.134375 0.1625 0.1515625 0.1625 0.1546875 0.16875 0.1546875 0.175 0.15 0.1828125 0.1375 0.1828125 0.134375 0.178125 0.1328125 0.16875 0.134375 0.1640625
0 0.209375 0.178125 0.2234375 0.178125 0.2328125 0.1921875 0.23125 0.196875 0.21875 0.196875 0.20625 0.2046875 0.2046875 0.1875 0.209375 0.1796875
0 0.06171875 0.2984375 0.021875 0.03359375
0 0.2484375 0.153125 0.25625 0.159375 0.259375 0.1671875 0.2484375 0.1796875 0.2375 0.18125 0.2328125 0.1796875 0.2296875 0.175 0.228125 0.159375 0.2359375 0.153125 0.246875 0.153125
0 0.175 0.14375 0.1828125 0.146875 0.1875 0.1515625 0.1890625 0.165625 0.178125 0.16875 0.1671875 0.165625 0.165625 0.15 0.1734375 0.1453125
0 0.153125 0.35 0.1578125 0.3515625 0.1625 0.3625 0.1640625 0.396875 0.1421875 0.409375 0.1390625 0.409375 0.1375 0.40625 0.134375 0.3921875 0.1359375 0.3828125 0.134375 0.3625 0.14375 0.35 0.1515625 0.35
2 0.8296875 0.3125 0.871875 0.340625 0.875 0.35 0.8734375 0.3640625 0.8875 0.378125 0.8890625 0.3875 0.8875 0.390625 0.8890625 0.3921875 0.8875 0.3953125 0.8875 0.4359375 0.8828125 0.44375 0.878125 0.440625 0.8671875 0.4421875 0.859375 0.428125 0.8453125 0.421875 0.8359375 0.4140625 0.8265625 0.4140625 0.821875 0.4109375 0.8203125 0.403125 0.8125 0.3921875 0.8109375 0.378125 0.815625 0.3390625 0.815625 0.321875 0.8203125 0.3125 0.828125 0.3125