0 0.246875 0.16875 0.2546875 0.175 0.2578125 0.175 0.259375 0.1828125 0.24375 0.1984375 0.2390625 0.1984375 0.2296875 0.1921875 0.228125 0.18125 0.23125 0.1734375 0.2359375 0.1734375 0.240625 0.16875 0.2453125 0.16875
0 0.20625 0.175 0.2109375 0.178125 0.2140625 0.1859375 0.20625 0.2078125 0.1984375 0.2078125 0.19375 0.1984375 0.1953125 0.178125 0.2046875 0.1765625
0 0.14375 0.1421875 0.146875 0.14375 0.15 0.15 0.15 0.159375 0.140625 0.1640625 0.13125 0.159375 0.1296875 0.1453125 0.1328125 0.140625 0.1421875 0.1421875
0 0.225 0.1921875 0.2375 0.2015625 0.24375 0.2140625 0.240625 0.228125 0.23125 0.2328125 0.2234375 0.228125 0.2109375 0.2328125 0.20625 0.2234375 0.209375 0.1953125 0.2125 0.1921875 0.2234375 0.1921875
0 0.0984375 0.15 0.109375 0.1609375 0.1109375 0.1734375 0.1046875 0.1765625 0.0984375 0.1765625 0.0921875 0.1734375 0.0921875 0.1578125 0.096875 0.1515625
0 0.2609375 0.20390625 0.034375 0.0359375
0 0.1515625 0.35 0.1609375 0.35625 0.1640625 0.3640625 0.1640625 0.396875 0.140625 0.409375 0.1375 0.40625 0.134375 0.3921875 0.1359375 0.3609375 0.1453125 0.35 0.15 0.35
0 0.24375 0.1515625 0.253125 0.1546875 0.259375 0.1625 0.2609375 0.1703125 0.259375 0.175 0.25 0.1734375 0.2328125 0.1734375 0.23125 0.175 0.2296875 0.1734375 0.228125 0.16875 0.2296875 0.159375 0.234375 0.1546875 0.2421875 0.153125
0 0.0984375 0.30625 0.1015625 0.3125 0.10625 0.3109375 0.1125 0.3125 0.11875 0.321875 0.1203125 0.328125 0.11875 0.3359375 0.115625 0.3375 0.115625 0.3453125 0.1125 0.3484375 0.1140625 0.3359375 0.1046875 0.325 0.096875 0.321875 0.09375 0.3140625 0.096875 0.3078125
0 0.059375 0.28125 0.0703125 0.2921875 0.0703125 0.30625 0.0671875 0.30625 0.0578125 0.3140625 0.053125 0.3109375 0.05 0.2984375 0.05 0.2875 0.0578125 0.28125
0 0.265625 0.153125 0.2703125 0.15 0.28125 0.15 0.29375 0.1671875 0.29375 0.175 0.290625 0.1796875 0.2828125 0.184375 0.2703125 0.1828125 0.265625 0.1796875 0.2625 0.171875 0.2625 0.159375 0.265625 0.1546875
0 0.0953125 0.31875 0.10625 0.3375 0.109375 0.3265625 0.115625 0.328125 0.1171875 0.33125 0.11875 0.3375 0.1171875 0.346875 0.1125 0.35 0.1109375 0.3421875 0.1078125 0.340625 0.1046875 0.34375 0.10625 0.3484375 0.1046875 0.35625 0.1 0.35625 0.09375 0.3484375 0.090625 0.3484375 0.0859375 0.325 0.09375 0.31875
0 0.146875 0.1703125 0.159375 0.1828125 0.159375 0.190625 0.1515625 0.1984375 0.1390625 0.1984375 0.1375 0.1953125 0.1375 0.1765625 0.1453125 0.1703125
2 0.5875 0.1875 0.60625 0.203125 0.6078125 0.209375 0.60625 0.2203125 0.615625 0.2375 0.61875 0.2671875 0.6140625 0.2765625 0.60625 0.28125 0.5921875 0.28125 0.578125 0.2640625 0.5703125 0.2625 0.5671875 0.2578125 0.5671875 0.25 0.5609375 0.2421875 0.5609375 0.1953125 0.559375 0.19375 0.5609375 0.1890625 0.575 0.184375 0.5828125 0.184375 0.5859375 0.1875