0 0.3828125 0.2859375 0.38125 0.275 0.384375 0.2625 0.3921875 0.2546875 0.403125 0.234375 0.415625 0.225 0.425 0.2265625 0.434375 0.2390625 0.4359375 0.259375 0.43125 0.2796875 0.4234375 0.2734375 0.4140625 0.2828125 0.4078125 0.2953125 0.403125 0.2953125 0.396875 0.290625 0.3890625 0.290625 0.384375 0.2859375
0 0.478125 0.1609375 0.4828125 0.1640625 0.484375 0.1703125 0.49375 0.1796875 0.4953125 0.1875 0.49375 0.196875 0.490625 0.2 0.48125 0.2015625 0.475 0.2015625 0.4640625 0.19375 0.45625 0.1734375 0.45625 0.165625 0.4625 0.1578125 0.4734375 0.1578125 0.4765625 0.1609375
0 0.425 0.140625 0.4265625 0.1453125 0.4328125 0.1515625 0.4390625 0.165625 0.440625 0.1796875 0.4375 0.1859375 0.4234375 0.1875 0.4140625 0.1828125 0.4140625 0.14375 0.4203125 0.1390625 0.4234375 0.140625
0 0.825 0.190625 0.8296875 0.2 0.8296875 0.209375 0.825 0.2171875 0.815625 0.2203125 0.8078125 0.21875 0.8015625 0.2140625 0.8015625 0.2 0.8125 0.1875 0.8234375 0.190625
0 0.778125 0.1671875 0.78125 0.1703125 0.7828125 0.1890625 0.775 0.1984375 0.76875 0.196875 0.765625 0.190625 0.765625 0.178125 0.76875 0.171875 0.7765625 0.1671875
0 0.865625 0.1375 0.86875 0.1421875 0.86875 0.1578125 0.8671875 0.1609375 0.8578125 0.165625 0.8484375 0.1609375 0.846875 0.1515625 0.8546875 0.140625 0.8640625 0.1375
0 0.903125 0.3171875 0.9078125 0.3171875 0.9125 0.325 0.9125 0.3328125 0.909375 0.3375 0.9078125 0.3484375 0.9046875 0.3484375 0.8984375 0.35625 0.8921875 0.35625 0.8921875 0.34375 0.890625 0.3421875 0.8859375 0.35 0.8796875 0.34375 0.8796875 0.334375 0.8828125 0.328125 0.8890625 0.3234375 0.8921875 0.340625 0.8953125 0.328125 0.903125 0.31875
0 0.43125 0.1125 0.4375 0.1171875 0.4421875 0.125 0.446875 0.1421875 0.4453125 0.1484375 0.4375 0.1515625 0.43125 0.1484375 0.4203125 0.134375 0.421875 0.115625 0.425 0.1125 0.4296875 0.1125
0 0.9 0.3046875 0.903125 0.309375 0.9015625 0.321875 0.8859375 0.33125 0.8828125 0.3390625 0.878125 0.3359375 0.878125 0.328125 0.884375 0.3140625 0.8890625 0.3109375 0.8953125 0.3125 0.8984375 0.30625
0 0.7859375 0.1921875 0.7984375 0.2015625 0.796875 0.225 0.7921875 0.228125 0.7890625 0.2265625 0.784375 0.23125 0.78125 0.23125 0.775 0.2234375 0.76875 0.221875 0.76875 0.2109375 0.771875 0.2046875 0.784375 0.19375
0 0.8375 0.16953125 0.02734375 0.03046875
0 0.9421875 0.28125 0.9484375 0.2890625 0.9453125 0.3109375 0.9390625 0.3140625 0.928125 0.3046875 0.9296875 0.290625 0.9375 0.2828125 0.940625 0.2828125
0 0.4484375 0.1796875 0.45625 0.1828125 0.459375 0.1875 0.459375 0.196875 0.465625 0.2125 0.4640625 0.2359375 0.4609375 0.2375 0.4421875 0.234375 0.4390625 0.1984375 0.440625 0.1890625 0.44375 0.1828125 0.446875 0.18125
0 0.853125 0.35 0.8625 0.3609375 0.8640625 0.39375 0.859375 0.4078125 0.8546875 0.4078125 0.834375 0.396875 0.8375 0.3546875 0.840625 0.35 0.8515625 0.35
2 0.3671875 0.0703125 0.36875 0.071875 0.371875 0.0703125 0.3921875 0.0875 0.396875 0.134375 0.38125 0.1375 0.371875 0.1328125 0.3703125 0.0734375 0.36875 0.071875 0.3671875 0.0734375 0.365625 0.109375 0.3625 0.109375 0.3578125 0.1046875 0.35625 0.0984375 0.3578125 0.075 0.365625 0.0703125