0 0.3 0.31875 0.3078125 0.325 0.315625 0.3390625 0.31875 0.35 0.31875 0.365625 0.315625 0.3703125 0.3078125 0.3734375 0.29375 0.3859375 0.290625 0.3859375 0.2828125 0.375 0.2765625 0.3734375 0.265625 0.365625 0.2640625 0.3359375 0.2703125 0.334375 0.2859375 0.3203125 0.2921875 0.3171875 0.2984375 0.31875
0 0.6484375 0.2625 0.6625 0.275 0.6671875 0.2859375 0.68125 0.3 0.6828125 0.3109375 0.68125 0.325 0.678125 0.33125 0.671875 0.3359375 0.6609375 0.3359375 0.6546875 0.328125 0.6265625 0.3171875 0.6203125 0.3171875 0.6125 0.309375 0.6109375 0.2984375 0.6125 0.2875 0.621875 0.265625 0.628125 0.2609375 0.646875 0.2625
0 0.9890625 0.821875 0.9984375 0.83125 0.9984375 0.909375 0.984375 0.8984375 0.9796875 0.8984375 0.9703125 0.9046875 0.965625 0.9 0.9640625 0.8890625 0.959375 0.8796875 0.959375 0.846875 0.9640625 0.8359375 0.965625 0.825 0.971875 0.8171875 0.9828125 0.8171875 0.9875 0.821875
0 0.184375 0.3015625 0.19375 0.3140625 0.2 0.31875 0.203125 0.3296875 0.1984375 0.340625 0.190625 0.3484375 0.178125 0.3546875 0.175 0.3546875 0.16875 0.346875 0.1609375 0.33125 0.159375 0.315625 0.1609375 0.3140625 0.1625 0.315625 0.1640625 0.3265625 0.1671875 0.3234375 0.165625 0.3109375 0.16875 0.3046875 0.1734375 0.3 0.1828125 0.3015625
0 0.24375 0.259375 0.2515625 0.2625 0.2609375 0.275 0.2609375 0.2859375 0.253125 0.2984375 0.240625 0.3 0.2375 0.303125 0.234375 0.303125 0.2296875 0.296875 0.2203125 0.2953125 0.2171875 0.290625 0.215625 0.28125 0.2171875 0.275 0.225 0.2671875 0.2265625 0.2625 0.2421875 0.259375
0 0.078125 0.2875 0.0921875 0.3046875 0.090625 0.31875 0.0859375 0.3234375 0.08125 0.3234375 0.0765625 0.3171875 0.0765625 0.3125 0.0734375 0.3078125 0.075 0.2890625 0.0765625 0.2890625
0 0.0984375 0.30625 0.103125 0.3140625 0.109375 0.3109375 0.1171875 0.3203125 0.11875 0.325 0.1171875 0.346875 0.109375 0.35 0.1078125 0.3328125 0.1046875 0.3296875 0.1015625 0.35 0.090625 0.3484375 0.0859375 0.325 0.096875 0.3078125
0 0.1234375 0.234375 0.1296875 0.2375 0.134375 0.24375 0.134375 0.259375 0.1234375 0.271875 0.1140625 0.2703125 0.1109375 0.2671875 0.1078125 0.2515625 0.115625 0.2375 0.121875 0.234375
0 0.0546875 0.2828125 0.0609375 0.2828125 0.071875 0.2953125 0.0703125 0.303125 0.059375 0.3140625 0.05625 0.3140625 0.0515625 0.3078125 0.05 0.2984375 0.05 0.2921875 0.0546875 0.284375
0 0.41328125 0.3203125 0.0546875 0.07109375
0 0.1359375 0.1390625 0.14375 0.140625 0.1515625 0.1515625 0.1515625 0.1578125 0.140625 0.165625 0.13125 0.1578125 0.13125 0.140625 0.134375 0.1390625
0 0.3953125 0.1890625 0.4015625 0.2015625 0.4109375 0.20625 0.4125 0.209375 0.4109375 0.23125 0.4078125 0.2328125 0.403125 0.23125 0.3953125 0.2359375 0.3828125 0.2296875 0.371875 0.2296875 0.3640625 0.221875 0.365625 0.2015625 0.3703125 0.1921875 0.384375 0.1875 0.39375 0.1890625
0 0.6046875 0.1125 0.6125 0.11875 0.6140625 0.1328125 0.6109375 0.140625 0.6109375 0.15 0.603125 0.1546875 0.5953125 0.1546875 0.5875 0.1484375 0.584375 0.1484375 0.584375 0.1359375 0.5921875 0.1265625 0.59375 0.1171875 0.5984375 0.1125 0.603125 0.1125
0 0.60625 0.0640625 0.6109375 0.075 0.609375 0.08125 0.6015625 0.0859375 0.5890625 0.0828125 0.5890625 0.0703125 0.5921875 0.065625 0.5984375 0.0625 0.6046875 0.0640625
0 0.14375 0.35 0.1578125 0.35 0.1640625 0.3625 0.1640625 0.396875 0.140625 0.409375 0.1359375 0.4 0.134375 0.384375 0.1359375 0.3828125 0.1359375 0.359375 0.14375 0.3515625
2 0.5328125 0.1046875 0.540625 0.1125 0.5421875 0.1375 0.540625 0.14375 0.5359375 0.1484375 0.53125 0.1484375 0.521875 0.153125 0.5125 0.153125 0.50625 0.1484375 0.5046875 0.1109375 0.5078125 0.1078125 0.521875 0.1078125 0.53125 0.1046875
2 0.6234375 0.5046875 0.6375 0.5140625 0.6421875 0.5234375 0.646875 0.525 0.6578125 0.540625 0.675 0.55625 0.68125 0.56875 0.6890625 0.575 0.6921875 0.575 0.709375 0.590625 0.7078125 0.603125 0.690625 0.646875 0.6890625 0.6484375 0.6796875 0.646875 0.671875 0.653125 0.665625 0.65 0.6609375 0.6546875 0.6546875 0.6515625 0.65 0.6375 0.646875 0.634375 0.625 0.621875 0.615625 0.6109375 0.6046875 0.609375 0.5984375 0.6046875 0.5859375 0.5859375 0.5859375 0.55625 0.5921875 0.5265625 0.5984375 0.5140625 0.6109375 0.5015625 0.621875 0.5046875
2 0.6 0.0875 0.6015625 0.0890625 0.6015625 0.109375 0.59375 0.1171875 0.5921875 0.125 0.584375 0.1359375 0.5828125 0.1328125 0.5703125 0.1296875 0.5734375 0.1 0.5796875 0.0875 0.5859375 0.0859375 0.5984375 0.0875