0 0.70625 0.178125 0.709375 0.1859375 0.703125 0.1921875 0.7 0.2 0.7 0.2109375 0.6921875 0.2140625 0.6875 0.2140625 0.6765625 0.20625 0.675 0.1859375 0.678125 0.1796875 0.684375 0.1765625 0.7015625 0.175 0.7046875 0.178125
0 0.8171875 0.16875 0.8203125 0.16875 0.828125 0.175 0.8328125 0.1828125 0.83125 0.1984375 0.828125 0.2015625 0.81875 0.203125 0.809375 0.1984375 0.80625 0.1953125 0.80625 0.1875 0.8109375 0.1828125 0.8171875 0.1703125
0 0.85 0.159375 0.8578125 0.1640625 0.859375 0.1765625 0.846875 0.178125 0.8375 0.184375 0.83125 0.1734375 0.8328125 0.1671875 0.8421875 0.1578125 0.8484375 0.159375
0 0.8515625 0.1765625 0.8609375 0.18125 0.859375 0.1984375 0.8546875 0.2 0.8421875 0.1984375 0.8375 0.19375 0.8390625 0.1828125 0.84375 0.178125 0.85 0.1765625
0 0.221875 0.8 0.2265625 0.8015625 0.2375 0.8125 0.24375 0.828125 0.246875 0.84375 0.246875 0.8625 0.2421875 0.8828125 0.2296875 0.8984375 0.2203125 0.9 0.196875 0.921875 0.1921875 0.9234375 0.178125 0.9390625 0.1640625 0.9609375 0.1453125 0.9703125 0.1359375 0.96875 0.128125 0.9578125 0.1171875 0.9265625 0.1171875 0.91875 0.1125 0.903125 0.1125 0.8890625 0.1203125 0.875 0.1265625 0.8703125 0.1375 0.853125 0.1625 0.8265625 0.1671875 0.825 0.178125 0.8140625 0.1875 0.8125 0.2046875 0.8015625 0.2203125 0.8
0 0.7609375 0.15625 0.7734375 0.1625 0.775 0.165625 0.7734375 0.1875 0.771875 0.19375 0.7671875 0.196875 0.753125 0.190625 0.75 0.1859375 0.7515625 0.1640625 0.759375 0.15625
0 0.871875 0.175 0.8703125 0.1671875 0.878125 0.153125 0.8828125 0.153125 0.8859375 0.15625 0.8890625 0.171875 0.8859375 0.178125 0.8796875 0.178125 0.8734375 0.175
0 0.903125 0.31875 0.9078125 0.3171875 0.915625 0.325 0.9078125 0.3484375 0.9046875 0.3484375 0.8984375 0.35625 0.89375 0.35625 0.8921875 0.3453125 0.8953125 0.3296875 0.903125 0.3203125
0 0.8546875 0.35 0.8625 0.3609375 0.8625 0.3859375 0.8640625 0.3875 0.8609375 0.4046875 0.8578125 0.409375 0.834375 0.396875 0.8375 0.35625 0.8421875 0.35 0.853125 0.35
0 0.796875 0.184375 0.803125 0.190625 0.803125 0.2015625 0.7984375 0.2109375 0.78125 0.2109375 0.7734375 0.2 0.7734375 0.19375 0.7765625 0.1890625 0.7890625 0.1875 0.7953125 0.184375
0 0.815625 0.1625 0.81875 0.1640625 0.8140625 0.16875 0.8125 0.178125 0.8046875 0.1875 0.7984375 0.184375 0.8 0.165625 0.8046875 0.1609375 0.8140625 0.1625
0 0.93828125 0.2984375 0.021875 0.03359375
0 0.6828125 0.153125 0.6953125 0.1625 0.696875 0.171875 0.68125 0.1765625 0.671875 0.1890625 0.6625 0.1859375 0.6609375 0.1703125 0.6734375 0.15625 0.68125 0.153125
1 0.95 0.159375 0.01015625 0.021875
1 0.5703125 0.1625 0.5734375 0.171875 0.571875 0.184375 0.559375 0.1828125 0.5546875 0.178125 0.5546875 0.1640625 0.5625 0.1609375 0.56875 0.1625
1 0.4265625 0.125 0.43125 0.1234375 0.4359375 0.134375 0.434375 0.1453125 0.4296875 0.1453125 0.4234375 0.1359375 0.4265625 0.1265625
3 0.73125 0.1859375 0.734375 0.1875 0.7328125 0.2171875 0.728125 0.2234375 0.721875 0.2234375 0.7171875 0.2265625 0.70625 0.221875 0.7015625 0.2140625 0.7015625 0.203125 0.7046875 0.1921875 0.7125 0.1859375 0.7296875 0.1859375
3 0.7296875 0.146875 0.7328125 0.15 0.7328125 0.165625 0.7296875 0.1765625 0.7234375 0.1796875 0.7109375 0.1796875 0.7015625 0.171875 0.7015625 0.1671875 0.7109375 0.146875 0.728125 0.146875
2 0.7796875 0.1375 0.7859375 0.146875 0.7890625 0.1390625 0.7953125 0.1421875 0.8 0.1484375 0.8 0.1546875 0.796875 0.1578125 0.7953125 0.178125 0.7875 0.175 0.7875 0.1546875 0.7859375 0.153125 0.7828125 0.15625 0.784375 0.171875 0.7828125 0.1859375 0.7765625 0.1875 0.771875 0.1953125 0.759375 0.19375 0.75 0.1859375 0.75 0.16875 0.7609375 0.1421875 0.7671875 0.1375 0.778125 0.1375
2 0.0453125 0.7515625 0.05 0.7546875 0.0546875 0.765625 0.0625 0.775 0.06875 0.7921875 0.071875 0.8109375 0.0796875 0.8296875 0.0765625 0.8546875 0.0734375 0.8609375 0.0671875 0.865625 0.0640625 0.8765625 0.05625 0.8796875 0.053125 0.878125 0.04375 0.8859375 0.03125 0.8859375 0.025 0.8921875 0.021875 0.8921875 0.0140625 0.8984375 0.0109375 0.9046875 0.009375 0.921875 0.00625 0.925 0 0.9234375 0 0.784375 0.00625 0.778125 0.04375 0.753125