0 0.909375 0.3 0.9140625 0.3 0.9125 0.3109375 0.9171875 0.3140625 0.9171875 0.321875 0.9140625 0.325 0.9078125 0.346875 0.8953125 0.353125 0.89375 0.3515625 0.8953125 0.34375 0.8921875 0.3375 0.8859375 0.35 0.88125 0.346875 0.878125 0.340625 0.878125 0.3265625 0.884375 0.3140625 0.8890625 0.3109375 0.896875 0.3125 0.9 0.3046875 0.9046875 0.3078125 0.909375 0.3015625
0 0.7609375 0.171875 0.7734375 0.178125 0.778125 0.1859375 0.778125 0.1953125 0.7734375 0.2 0.76875 0.2109375 0.7578125 0.209375 0.7515625 0.1984375 0.753125 0.1875 0.75625 0.1828125 0.75625 0.175 0.759375 0.1734375
0 0.7390625 0.184375 0.0328125 0.040625
0 0.01875 0.825 0.0296875 0.8390625 0.0390625 0.8609375 0.040625 0.8734375 0.0390625 0.8953125 0.0296875 0.915625 0.0234375 0.9171875 0.01875 0.9140625 0.0015625 0.9265625 0 0.9265625 0 0.8796875 0.0015625 0.878125 0 0.875 0 0.8328125 0.0125 0.8203125 0.0171875 0.825
0 0.809375 0.190625 0.8203125 0.1890625 0.8265625 0.1953125 0.828125 0.2 0.8265625 0.2171875 0.8171875 0.2234375 0.809375 0.221875 0.8015625 0.215625 0.8015625 0.203125 0.809375 0.1921875
0 0.7890625 0.1921875 0.8 0.2 0.8 0.21875 0.7953125 0.2265625 0.7875 0.228125 0.784375 0.23125 0.7796875 0.23125 0.76875 0.2234375 0.76875 0.2109375 0.771875 0.2046875 0.7875 0.1921875
0 0.0421875 0.7046875 0.053125 0.7125 0.05625 0.7171875 0.0640625 0.740625 0.065625 0.759375 0.0625 0.7734375 0.05625 0.7859375 0.053125 0.7875 0.0453125 0.7859375 0.04375 0.7765625 0.040625 0.7734375 0.034375 0.7734375 0.01875 0.7859375 0 0.7953125 0 0.7125 0.0078125 0.7078125 0.0171875 0.7078125 0.025 0.7125 0.0328125 0.7125 0.040625 0.70625
0 0.8171875 0.1578125 0.8234375 0.1640625 0.825 0.1734375 0.8203125 0.190625 0.8140625 0.1890625 0.80625 0.190625 0.8015625 0.1859375 0.8015625 0.175 0.8046875 0.1640625 0.8109375 0.1578125 0.815625 0.1578125
0 0.853125 0.35 0.8640625 0.3609375 0.8625 0.3671875 0.8640625 0.3921875 0.8609375 0.40625 0.8578125 0.409375 0.834375 0.396875 0.8359375 0.359375 0.840625 0.3515625 0.8515625 0.35
0 0.709375 0.15 0.721875 0.15 0.7265625 0.1546875 0.7265625 0.165625 0.7203125 0.175 0.7203125 0.18125 0.7125 0.1859375 0.703125 0.1859375 0.6953125 0.18125 0.69375 0.1671875 0.709375 0.1515625
0 0.93828125 0.2984375 0.021875 0.03359375
0 0.840625 0.1515625 0.85 0.1578125 0.8515625 0.1640625 0.84375 0.1734375 0.840625 0.1734375 0.8359375 0.178125 0.834375 0.1828125 0.8265625 0.1765625 0.8265625 0.1625 0.8328125 0.153125 0.8390625 0.1515625
3 0.8375 0.1515625 0.8453125 0.153125 0.8515625 0.1625 0.8515625 0.165625 0.8453125 0.1734375 0.840625 0.175 0.8359375 0.1828125 0.83125 0.18125 0.8265625 0.175 0.8265625 0.1640625 0.8296875 0.15625 0.8359375 0.153125