0 0.7640625 0.175 0.7671875 0.175 0.7734375 0.1828125 0.7765625 0.190625 0.775 0.196875 0.7640625 0.20625 0.7625 0.2109375 0.75625 0.2109375 0.75 0.20625 0.7484375 0.2015625 0.75 0.1890625 0.7640625 0.1765625
0 0.4015625 0.1140625 0.4140625 0.1375 0.4140625 0.1484375 0.409375 0.146875 0.4 0.1546875 0.3890625 0.1453125 0.3875 0.140625 0.3890625 0.1203125 0.39375 0.115625 0.4 0.1140625
0 0.8125 0.175 0.81875 0.184375 0.81875 0.19375 0.8140625 0.203125 0.8 0.2015625 0.79375 0.196875 0.790625 0.1890625 0.796875 0.1765625 0.8109375 0.175
0 0.7890625 0.19375 0.7984375 0.203125 0.8 0.2109375 0.7984375 0.225 0.7921875 0.2296875 0.7796875 0.23125 0.775 0.225 0.76875 0.2234375 0.7703125 0.215625 0.771875 0.2125 0.7765625 0.2109375 0.7796875 0.2 0.7875 0.1953125
0 0.928125 0.3046875 0.928125 0.29375 0.9375 0.2828125 0.9421875 0.2828125 0.946875 0.2875 0.9453125 0.3109375 0.940625 0.3140625 0.9296875 0.3046875
0 0.9296875 0.15 0.9375 0.1578125 0.9375 0.1609375 0.93125 0.1671875 0.9234375 0.165625 0.9203125 0.1609375 0.921875 0.1515625 0.928125 0.15
0 0.884375 0.196875 0.8875 0.2 0.8859375 0.2109375 0.8765625 0.2109375 0.875 0.20625 0.875 0.2 0.878125 0.196875 0.8828125 0.196875
0 0.8359375 0.1796875 0.8421875 0.1875 0.8359375 0.203125 0.8265625 0.1984375 0.8234375 0.1921875 0.8234375 0.184375 0.8296875 0.1796875 0.834375 0.1796875
0 0.75 0.16875 0.7515625 0.1703125 0.7515625 0.1859375 0.7484375 0.1875 0.7453125 0.196875 0.7359375 0.2 0.7265625 0.1984375 0.721875 0.1921875 0.721875 0.1875 0.7296875 0.175 0.7390625 0.1671875 0.7484375 0.16875
0 0.803125 0.1578125 0.809375 0.1640625 0.809375 0.1734375 0.80625 0.1765625 0.7890625 0.175 0.7921875 0.1625 0.7984375 0.15625 0.8015625 0.1578125
0 0.775 0.1875 0.78125 0.19375 0.7796875 0.2125 0.775 0.2171875 0.7734375 0.2234375 0.76875 0.2265625 0.7640625 0.221875 0.7640625 0.2078125 0.775 0.1890625
0 0.83125 0.1578125 0.8390625 0.1640625 0.8390625 0.1734375 0.834375 0.1796875 0.8265625 0.1796875 0.8234375 0.1828125 0.81875 0.1796875 0.8171875 0.171875 0.8203125 0.1625 0.8296875 0.1578125
0 0.709375 0.159375 0.7109375 0.1625 0.7046875 0.1734375 0.703125 0.171875 0.696875 0.1734375 0.69375 0.1796875 0.6890625 0.178125 0.690625 0.165625 0.7046875 0.1578125 0.7078125 0.159375
0 0.70625 0.159375 0.7234375 0.1640625 0.725 0.171875 0.71875 0.1828125 0.7125 0.1859375 0.6984375 0.1859375 0.690625 0.1796875 0.6890625 0.1765625 0.690625 0.16875 0.6984375 0.1625 0.7046875 0.1609375
0 0.9 0.3078125 0.909375 0.315625 0.9125 0.321875 0.9078125 0.346875 0.896875 0.3578125 0.89375 0.3578125 0.890625 0.3515625 0.8921875 0.3421875 0.890625 0.340625 0.8875 0.3453125 0.8875 0.35 0.884375 0.35 0.878125 0.3375 0.8796875 0.325 0.8890625 0.3109375 0.8921875 0.325 0.890625 0.33125 0.8921875 0.3328125 0.8953125 0.3296875 0.9 0.309375
0 0.8515625 0.1875 0.8625 0.1921875 0.8640625 0.1984375 0.8625 0.2109375 0.85 0.215625 0.8375 0.2125 0.8375 0.2 0.840625 0.19375 0.85 0.1875
0 0.840625 0.35 0.853125 0.35 0.8625 0.359375 0.8625 0.3859375 0.8640625 0.3875 0.859375 0.4078125 0.8359375 0.396875 0.834375 0.390625 0.8359375 0.3625 0.840625 0.3515625
1 0 0.7375 0.009375 0.75 0.015625 0.7765625 0.015625 0.7859375 0.0078125 0.8109375 0 0.8125 0 0.7703125 0.0015625 0.76875 0 0.7671875 0 0.7390625