0 0.8859375 0.3140625 0.8875 0.3140625 0.8875 0.3203125 0.8921875 0.325 0.896875 0.3234375 0.903125 0.315625 0.90625 0.315625 0.9109375 0.3234375 0.9109375 0.334375 0.9078125 0.3390625 0.9078125 0.3453125 0.8984375 0.3546875 0.8953125 0.3546875 0.89375 0.3515625 0.8953125 0.340625 0.8921875 0.328125 0.8890625 0.3390625 0.890625 0.346875 0.8859375 0.3515625 0.8796875 0.3421875 0.8796875 0.328125 0.8859375 0.315625
0 0.4609375 0.1125 0.4671875 0.115625 0.4765625 0.1296875 0.4765625 0.1359375 0.4703125 0.140625 0.459375 0.140625 0.4515625 0.1359375 0.4453125 0.128125 0.446875 0.11875 0.4546875 0.1125 0.459375 0.1125
0 0.371875 0.096875 0.375 0.0984375 0.384375 0.096875 0.3875 0.1 0.3890625 0.109375 0.39375 0.1171875 0.39375 0.1234375 0.3890625 0.1296875 0.38125 0.13125 0.378125 0.128125 0.3765625 0.1296875 0.371875 0.128125 0.371875 0.0984375
0 0.0875 0.3859375 0.0984375 0.4 0.1015625 0.409375 0.1015625 0.428125 0.0984375 0.4421875 0.0921875 0.4484375 0.084375 0.4484375 0.0734375 0.4609375 0.059375 0.471875 0.053125 0.48125 0.0453125 0.48125 0.0421875 0.484375 0.0375 0.478125 0.0375 0.4359375 0.0515625 0.421875 0.0609375 0.4 0.065625 0.396875 0.06875 0.390625 0.071875 0.3875 0.0859375 0.3859375
0 0.8640625 0.1375 0.86875 0.1421875 0.86875 0.1578125 0.8671875 0.1609375 0.859375 0.1640625 0.8484375 0.159375 0.8484375 0.15 0.8546875 0.1390625 0.8625 0.1375
0 0.9875 0.2125 0.01171875 0.01640625
0 0.8546875 0.35 0.8640625 0.3625 0.8625 0.3640625 0.8640625 0.39375 0.8578125 0.409375 0.834375 0.396875 0.834375 0.378125 0.8375 0.35625 0.840625 0.3515625 0.853125 0.35
0 0.4 0.05625 0.40625 0.0625 0.4078125 0.0671875 0.40625 0.078125 0.4 0.0828125 0.3921875 0.0828125 0.3890625 0.078125 0.3890625 0.0640625 0.3984375 0.05625
0 0.403125 0.1140625 0.4140625 0.1328125 0.4140625 0.146875 0.4078125 0.1484375 0.4046875 0.1546875 0.3984375 0.1546875 0.3921875 0.1421875 0.3953125 0.11875 0.396875 0.115625 0.4015625 0.1140625
0 0.9375 0.2828125 0.9421875 0.2828125 0.9484375 0.2921875 0.9453125 0.3109375 0.9421875 0.3140625 0.9375 0.3125 0.9265625 0.2984375 0.928125 0.2921875 0.9375 0.284375
0 0.6890625 0.146875 0.696875 0.15 0.709375 0.15 0.7140625 0.1609375 0.7109375 0.1796875 0.6875 0.18125 0.66875 0.171875 0.6703125 0.1625 0.6796875 0.1546875 0.68125 0.15 0.6875 0.1484375
1 0.7515625 0.175 0.75625 0.178125 0.75625 0.190625 0.753125 0.1953125 0.7484375 0.1953125 0.7453125 0.1890625 0.7453125 0.18125 0.746875 0.1765625 0.75 0.175