0 0.0984375 0.30625 0.1015625 0.3125 0.1046875 0.3109375 0.1125 0.3125 0.11875 0.3234375 0.1203125 0.3390625 0.115625 0.3484375 0.1109375 0.3484375 0.109375 0.3390625 0.10625 0.3359375 0.103125 0.3390625 0.1015625 0.3515625 0.09375 0.3484375 0.090625 0.34375 0.0859375 0.325 0.090625 0.31875 0.0890625 0.3109375 0.0921875 0.309375 0.09375 0.3109375 0.096875 0.3078125
0 0.609375 0.075 0.6125 0.078125 0.6125 0.1 0.6015625 0.10625 0.59375 0.103125 0.5921875 0.0953125 0.5984375 0.0765625 0.6078125 0.075
0 0.3125 0.1625 0.321875 0.153125 0.33125 0.1640625 0.3296875 0.175 0.3171875 0.175 0.3140625 0.171875 0.3125 0.1640625
0 0.2265625 0.14375 0.2390625 0.15 0.24375 0.159375 0.2421875 0.16875 0.2375 0.1703125 0.234375 0.1625 0.2296875 0.1578125 0.2265625 0.1453125
0 0.06875 0.2890625 0.071875 0.2984375 0.06875 0.3046875 0.0578125 0.3140625 0.053125 0.3109375 0.0515625 0.3046875 0.0515625 0.2875 0.05625 0.2828125 0.0609375 0.2828125 0.0671875 0.2890625
0 0.2078125 0.1796875 0.21875 0.19375 0.21875 0.1984375 0.2140625 0.2078125 0.2078125 0.2109375 0.203125 0.2109375 0.196875 0.20625 0.190625 0.196875 0.19375 0.1828125 0.1984375 0.1796875 0.20625 0.1796875
0 0.0984375 0.30625 0.1015625 0.3125 0.1125 0.3125 0.1171875 0.3203125 0.1203125 0.3375 0.115625 0.3484375 0.1109375 0.3484375 0.10625 0.3359375 0.103125 0.340625 0.1015625 0.353125 0.0921875 0.3484375 0.0890625 0.3421875 0.084375 0.3234375 0.0875 0.31875 0.0890625 0.309375 0.0953125 0.3109375 0.096875 0.3078125
0 0.14375 0.35 0.15625 0.3515625 0.1609375 0.35625 0.1640625 0.3671875 0.1625 0.3984375 0.1390625 0.4078125 0.134375 0.39375 0.1359375 0.359375 0.14375 0.3515625
0 0.15 0.1609375 0.1546875 0.1640625 0.15625 0.1765625 0.1375 0.18125 0.134375 0.1765625 0.134375 0.1625 0.1484375 0.1609375
0 0.14765625 0.18984375 0.0234375 0.0234375
0 0.2609375 0.1671875 0.2765625 0.178125 0.278125 0.1828125 0.2765625 0.196875 0.265625 0.203125 0.2609375 0.190625 0.246875 0.1765625 0.25 0.1703125 0.259375 0.1671875
0 0.1765625 0.175 0.1875 0.1828125 0.1890625 0.1875 0.1890625 0.196875 0.178125 0.203125 0.16875 0.2015625 0.165625 0.1984375 0.1640625 0.1890625 0.1671875 0.178125 0.1703125 0.175 0.175 0.175
0 0.334375 0.225 0.3375 0.2265625 0.3390625 0.2375 0.328125 0.2390625 0.309375 0.2484375 0.3 0.2484375 0.3109375 0.234375 0.3234375 0.228125 0.3328125 0.2265625
0 0.3359375 0.228125 0.3453125 0.2421875 0.346875 0.2625 0.3375 0.2703125 0.3375 0.2734375 0.31875 0.2734375 0.3078125 0.2765625 0.3 0.284375 0.2890625 0.28125 0.2875 0.265625 0.290625 0.2578125 0.3109375 0.2375 0.315625 0.2390625 0.3171875 0.234375 0.321875 0.234375 0.334375 0.228125
0 0.1875 0.1609375 0.1921875 0.1703125 0.1921875 0.1796875 0.1890625 0.184375 0.18125 0.18125 0.171875 0.171875 0.175 0.1625 0.1859375 0.1609375
0 0.3 0.15625 0.3109375 0.1734375 0.3109375 0.1796875 0.303125 0.1859375 0.2828125 0.184375 0.278125 0.1734375 0.278125 0.1671875 0.284375 0.1546875 0.2953125 0.153125 0.2984375 0.15625
0 0.1 0.325 0.103125 0.33125 0.1046875 0.346875 0.1015625 0.3546875 0.090625 0.346875 0.084375 0.33125 0.084375 0.325 0.090625 0.31875 0.0953125 0.31875 0.0984375 0.325
3 0.2484375 0.1796875 0.2578125 0.1890625 0.2625 0.2 0.259375 0.209375 0.246875 0.2171875 0.234375 0.215625 0.23125 0.2109375 0.228125 0.1921875 0.2328125 0.18125 0.246875 0.1796875
3 0.26875 0.1453125 0.275 0.15 0.278125 0.15625 0.275 0.1734375 0.2703125 0.1734375 0.2625 0.165625 0.25625 0.165625 0.2515625 0.16875 0.25 0.1671875 0.2515625 0.15 0.2546875 0.146875 0.2671875 0.1453125