0 0.6296875 0.346875 0.6421875 0.3546875 0.653125 0.365625 0.6609375 0.384375 0.6734375 0.3921875 0.678125 0.403125 0.678125 0.4296875 0.675 0.4359375 0.6671875 0.44375 0.6609375 0.4421875 0.653125 0.446875 0.6484375 0.44375 0.64375 0.4328125 0.6328125 0.4234375 0.6296875 0.4234375 0.615625 0.4125 0.60625 0.4140625 0.596875 0.396875 0.5953125 0.390625 0.596875 0.3765625 0.6078125 0.3515625 0.615625 0.3453125 0.628125 0.346875
0 0.01875 0.2125 0.025 0.2203125 0.0234375 0.2265625 0.01875 0.2296875 0.0109375 0.2296875 0.0109375 0.2171875 0.0171875 0.2125
0 0.1578125 0.1515625 0.165625 0.1578125 0.1703125 0.1671875 0.1703125 0.1734375 0.1609375 0.18125 0.1515625 0.18125 0.146875 0.178125 0.1484375 0.1578125 0.1515625 0.153125 0.15625 0.1515625
0 0.1421875 0.140625 0.1484375 0.146875 0.1484375 0.15625 0.140625 0.1640625 0.1328125 0.1609375 0.1296875 0.15 0.134375 0.1390625 0.140625 0.140625
0 0.0671875 0.1515625 0.0734375 0.1609375 0.071875 0.171875 0.059375 0.1734375 0.0578125 0.1703125 0.059375 0.1578125 0.0625 0.153125 0.065625 0.153125
0 0.15625 0.3515625 0.1625 0.3625 0.1640625 0.39375 0.1625 0.3984375 0.1578125 0.3984375 0.1421875 0.40625 0.1390625 0.40625 0.134375 0.390625 0.1359375 0.3859375 0.1359375 0.3640625 0.134375 0.3625 0.1453125 0.35 0.1546875 0.3515625
0 0.2515625 0.1875 0.2578125 0.1921875 0.259375 0.2078125 0.25625 0.2125 0.2484375 0.2171875 0.2421875 0.2171875 0.2390625 0.2125 0.228125 0.2125 0.2234375 0.2 0.225 0.190625 0.23125 0.1828125 0.2375 0.1875 0.25 0.1875
0 0.078125 0.2859375 0.08125 0.2875 0.090625 0.303125 0.090625 0.3125 0.0859375 0.3203125 0.08125 0.3203125 0.0734375 0.30625 0.0734375 0.2875 0.0765625 0.2859375
0 0.0984375 0.30625 0.103125 0.3125 0.109375 0.3109375 0.1171875 0.31875 0.1203125 0.328125 0.1203125 0.3375 0.115625 0.3484375 0.1125 0.35 0.10625 0.3421875 0.103125 0.34375 0.0984375 0.3421875 0.0953125 0.328125 0.0921875 0.325 0.096875 0.3078125
0 0.4984375 0.1859375 0.5046875 0.2 0.5046875 0.2171875 0.503125 0.221875 0.49375 0.2265625 0.4828125 0.2390625 0.475 0.2375 0.4609375 0.2390625 0.459375 0.2359375 0.4609375 0.2125 0.4671875 0.209375 0.478125 0.1875 0.484375 0.184375 0.496875 0.1859375
0 0.0609375 0.2984375 0.02109375 0.03359375
0 0.24375 0.1609375 0.25625 0.1640625 0.2625 0.18125 0.259375 0.19375 0.2546875 0.190625 0.2453125 0.190625 0.23125 0.184375 0.2328125 0.1671875 0.234375 0.1640625 0.2421875 0.1625
0 0.0390625 0.1546875 0.0453125 0.1578125 0.0453125 0.1671875 0.0421875 0.171875 0.0375 0.171875 0.0296875 0.1625 0.0296875 0.1578125 0.0328125 0.1546875 0.0375 0.1546875
0 0.31875 0.15 0.321875 0.15625 0.33125 0.1640625 0.33125 0.175 0.328125 0.18125 0.315625 0.1859375 0.309375 0.1828125 0.2953125 0.1828125 0.290625 0.175 0.290625 0.165625 0.29375 0.1515625 0.3171875 0.15
0 0.1125 0.3171875 0.115625 0.3203125 0.11875 0.3421875 0.1171875 0.346875 0.1125 0.35 0.1078125 0.346875 0.1046875 0.35625 0.1015625 0.35625 0.090625 0.346875 0.0859375 0.328125 0.0859375 0.325 0.0953125 0.3171875 0.10625 0.33125 0.1125 0.31875
1 0.9890625 0.48984375 0.021875 0.04296875
1 0.2765625 0.175 0.2828125 0.18125 0.284375 0.1890625 0.2828125 0.1984375 0.278125 0.2 0.2734375 0.1984375 0.2703125 0.1890625 0.2703125 0.1796875 0.275 0.175
3 0.2375 0.290625 0.2359375 0.2859375 0.2375 0.26875 0.2515625 0.2421875 0.2546875 0.2390625 0.2671875 0.2375 0.2828125 0.2296875 0.3 0.2296875 0.3046875 0.2375 0.30625 0.2453125 0.3046875 0.2734375 0.290625 0.2859375 0.2828125 0.284375 0.2671875 0.2859375 0.259375 0.2875 0.2515625 0.29375 0.2390625 0.290625