0 0.7578125 0.16875 0.7625 0.1734375 0.7671875 0.1734375 0.7703125 0.18125 0.76875 0.1921875 0.759375 0.1984375 0.7546875 0.1984375 0.7390625 0.1828125 0.740625 0.175 0.74375 0.175 0.7515625 0.16875 0.75625 0.16875
0 0.7921875 0.175 0.803125 0.178125 0.8046875 0.1984375 0.8015625 0.20625 0.7921875 0.2078125 0.784375 0.1875 0.7875 0.178125 0.790625 0.1765625
0 0.8515625 0.14375 0.8578125 0.140625 0.865625 0.140625 0.86875 0.1453125 0.8671875 0.159375 0.8578125 0.1640625 0.8484375 0.159375 0.8484375 0.15 0.8515625 0.1453125
0 0.7859375 0.1921875 0.7890625 0.1953125 0.7921875 0.2125 0.7921875 0.2234375 0.7875 0.2328125 0.7796875 0.23125 0.7765625 0.228125 0.7671875 0.2328125 0.7578125 0.228125 0.7546875 0.2203125 0.7546875 0.2140625 0.7625 0.2 0.7734375 0.1921875 0.784375 0.1921875
0 0.9 0.15 0.90625 0.1578125 0.90625 0.1734375 0.9 0.1765625 0.89375 0.1765625 0.8875 0.1734375 0.8875 0.1640625 0.8921875 0.15625 0.8984375 0.1515625
0 0.7234375 0.2140625 0.721875 0.203125 0.734375 0.1875 0.7453125 0.1875 0.753125 0.196875 0.7546875 0.2 0.753125 0.2140625 0.7484375 0.21875 0.74375 0.21875 0.740625 0.221875 0.734375 0.221875 0.725 0.2140625
0 0.853125 0.35 0.8625 0.3609375 0.8640625 0.3921875 0.8609375 0.40625 0.8578125 0.409375 0.834375 0.396875 0.8359375 0.359375 0.8421875 0.3515625 0.8515625 0.35
0 0.7546875 0.1515625 0.7640625 0.1546875 0.76875 0.159375 0.7703125 0.1640625 0.76875 0.1734375 0.7671875 0.175 0.765625 0.1734375 0.7390625 0.175 0.7375 0.171875 0.7390625 0.1625 0.7453125 0.1546875 0.753125 0.153125
0 0.9 0.30625 0.9046875 0.3140625 0.9015625 0.321875 0.89375 0.325 0.884375 0.3359375 0.8859375 0.3484375 0.8828125 0.3453125 0.8828125 0.3375 0.8796875 0.3359375 0.878125 0.328125 0.8796875 0.321875 0.8859375 0.3125 0.8890625 0.3109375 0.896875 0.3125 0.8984375 0.3078125
0 0.9421875 0.28125 0.9484375 0.2875 0.946875 0.30625 0.9421875 0.3140625 0.9375 0.3125 0.93125 0.30625 0.928125 0.30625 0.928125 0.2921875 0.940625 0.28125
0 0.7328125 0.153125 0.7359375 0.159375 0.734375 0.1765625 0.73125 0.18125 0.71875 0.184375 0.70625 0.178125 0.7046875 0.1671875 0.7171875 0.15 0.728125 0.15 0.73125 0.153125
0 0.903125 0.31875 0.90625 0.31875 0.9125 0.325 0.9078125 0.3484375 0.9046875 0.3484375 0.8984375 0.35625 0.89375 0.35625 0.8921875 0.3546875 0.89375 0.34375 0.8890625 0.340625 0.8859375 0.35 0.88125 0.346875 0.8796875 0.3421875 0.8828125 0.328125 0.8890625 0.3265625 0.8921875 0.3375 0.8984375 0.325 0.903125 0.3203125
0 0.8546875 0.1703125 0.8609375 0.1765625 0.859375 0.1984375 0.846875 0.1984375 0.8390625 0.190625 0.8390625 0.1828125 0.8421875 0.178125 0.853125 0.1703125
2 0.4296875 0.1859375 0.4359375 0.1875 0.4390625 0.19375 0.4375 0.1953125 0.4375 0.2421875 0.43125 0.25 0.4296875 0.2609375 0.4203125 0.2640625 0.40625 0.28125 0.3875 0.2796875 0.38125 0.271875 0.3796875 0.259375 0.3828125 0.2375 0.3921875 0.2203125 0.390625 0.2171875 0.3921875 0.203125 0.415625 0.184375 0.428125 0.1859375