0 0.3140625 0.1765625 0.3203125 0.1796875 0.3234375 0.1859375 0.3234375 0.2015625 0.321875 0.20625 0.3109375 0.2140625 0.2984375 0.2109375 0.2984375 0.2 0.2953125 0.1921875 0.2890625 0.1859375 0.2890625 0.1828125 0.296875 0.175 0.3125 0.1765625
0 0.18125 0.16875 0.1875 0.1828125 0.1921875 0.1875 0.1921875 0.1953125 0.1796875 0.203125 0.1703125 0.2015625 0.1671875 0.1984375 0.165625 0.190625 0.1671875 0.178125 0.1796875 0.16875
0 0.1625 0.1625 0.1671875 0.1734375 0.1609375 0.184375 0.1515625 0.178125 0.1390625 0.1765625 0.1390625 0.16875 0.1421875 0.1625 0.1515625 0.1578125 0.15625 0.1578125 0.1609375 0.1625
0 0.15 0.1765625 0.1546875 0.178125 0.1609375 0.1875 0.1609375 0.19375 0.1515625 0.2 0.1390625 0.1984375 0.1375 0.1921875 0.1375 0.18125 0.140625 0.178125 0.1484375 0.1765625
0 0.7890625 0.8 0.8109375 0.8125 0.8203125 0.8140625 0.83125 0.825 0.8359375 0.8265625 0.8609375 0.853125 0.871875 0.8703125 0.878125 0.875 0.8859375 0.8890625 0.8859375 0.903125 0.8796875 0.9328125 0.86875 0.9609375 0.859375 0.9703125 0.84375 0.9671875 0.834375 0.9609375 0.8203125 0.9390625 0.809375 0.9265625 0.8015625 0.921875 0.778125 0.9 0.76875 0.8984375 0.75625 0.8828125 0.7515625 0.8625 0.7515625 0.84375 0.75625 0.8234375 0.7609375 0.8125 0.771875 0.8015625 0.7875 0.8
0 0.240625 0.15625 0.246875 0.1640625 0.2484375 0.1859375 0.2453125 0.190625 0.23125 0.196875 0.2265625 0.19375 0.2234375 0.165625 0.225 0.1625 0.2390625 0.15625
0 0.11875 0.165625 0.01953125 0.0265625
0 0.0953125 0.31875 0.096875 0.3234375 0.103125 0.3296875 0.10625 0.3453125 0.1046875 0.35625 0.1 0.35625 0.09375 0.3484375 0.090625 0.3484375 0.0828125 0.328125 0.0828125 0.325 0.090625 0.3171875 0.09375 0.31875
0 0.14375 0.35 0.15625 0.35 0.159375 0.353125 0.1625 0.3609375 0.1625 0.378125 0.1640625 0.3796875 0.1640625 0.396875 0.1515625 0.4046875 0.140625 0.409375 0.1390625 0.4078125 0.134375 0.3921875 0.1359375 0.3609375 0.14375 0.3515625
0 0.2046875 0.184375 0.209375 0.1875 0.21875 0.1875 0.225 0.19375 0.225 0.2 0.2171875 0.2109375 0.2 0.2109375 0.1984375 0.209375 0.1953125 0.2015625 0.1953125 0.190625 0.196875 0.1875 0.203125 0.184375
0 0.1796875 0.1640625 0.19375 0.1609375 0.1984375 0.165625 0.2 0.171875 0.2 0.184375 0.1953125 0.1875 0.1859375 0.178125 0.184375 0.16875 0.18125 0.165625
0 0.06171875 0.2984375 0.021875 0.03359375
0 0.31875 0.153125 0.325 0.15625 0.3375 0.1703125 0.3375 0.1828125 0.3359375 0.1859375 0.328125 0.1890625 0.3234375 0.1859375 0.3171875 0.1765625 0.3015625 0.171875 0.303125 0.1625 0.3171875 0.153125
1 0.0453125 0.15 0.05 0.15 0.053125 0.1546875 0.053125 0.165625 0.05 0.1703125 0.046875 0.16875 0.0453125 0.1515625
1 0.428125 0.1625 0.4359375 0.1609375 0.44375 0.1640625 0.4421875 0.18125 0.4296875 0.184375 0.425 0.1828125 0.425 0.171875 0.428125 0.1640625
1 0.571875 0.125 0.575 0.1359375 0.56875 0.1453125 0.5640625 0.1453125 0.5625 0.134375 0.565625 0.125 0.5671875 0.1234375 0.5703125 0.125
3 0.2859375 0.1859375 0.29375 0.1921875 0.296875 0.203125 0.296875 0.2140625 0.2921875 0.221875 0.2828125 0.2265625 0.2765625 0.2234375 0.2703125 0.2234375 0.265625 0.2171875 0.2640625 0.1875 0.284375 0.1859375
3 0.2875 0.146875 0.296875 0.1671875 0.296875 0.171875 0.2875 0.1796875 0.275 0.1796875 0.26875 0.1765625 0.265625 0.165625 0.265625 0.15 0.26875 0.146875 0.2859375 0.146875
2 0.23125 0.1375 0.240625 0.146875 0.2484375 0.16875 0.2484375 0.1859375 0.2421875 0.1921875 0.234375 0.1953125 0.2265625 0.1953125 0.221875 0.1875 0.215625 0.1859375 0.2140625 0.171875 0.215625 0.15625 0.2125 0.153125 0.2109375 0.1546875 0.2109375 0.175 0.203125 0.178125 0.2015625 0.1578125 0.1984375 0.1546875 0.1984375 0.1484375 0.203125 0.1421875 0.209375 0.1390625 0.2125 0.146875 0.21875 0.1375 0.2296875 0.1375
2 0.953125 0.7515625 0.9984375 0.784375 0.9984375 0.9234375 0.9921875 0.925 0.9890625 0.921875 0.9875 0.9046875 0.9828125 0.896875 0.9734375 0.8921875 0.9671875 0.8859375 0.9546875 0.8859375 0.9453125 0.878125 0.9421875 0.8796875 0.9359375 0.878125 0.93125 0.8703125 0.93125 0.865625 0.925 0.8609375 0.921875 0.8546875 0.91875 0.8375 0.9203125 0.8234375 0.9265625 0.8109375 0.9296875 0.7921875 0.9359375 0.775 0.94375 0.765625 0.9484375 0.7546875 0.9515625 0.753125