0 0.2625 0.165625 0.2734375 0.171875 0.2765625 0.1859375 0.275 0.196875 0.2625 0.203125 0.25 0.196875 0.24375 0.1859375 0.2453125 0.171875 0.253125 0.165625 0.2578125 0.1640625 0.2609375 0.165625
0 0.9875 0.821875 0.9984375 0.8328125 0.9984375 0.8734375 0.996875 0.875 0.9984375 0.9265625 0.9890625 0.921875 0.9828125 0.915625 0.9703125 0.9171875 0.9640625 0.9109375 0.9578125 0.8859375 0.959375 0.8625 0.9625 0.8578125 0.965625 0.84375 0.9734375 0.83125 0.9796875 0.825 0.9859375 0.8234375
0 0.175 0.190625 0.1859375 0.1890625 0.196875 0.203125 0.1953125 0.2171875 0.1875 0.221875 0.178125 0.221875 0.1703125 0.2140625 0.1703125 0.2 0.175 0.1921875
0 0.16171875 0.16640625 0.025 0.03046875
0 0.9578125 0.7046875 0.9671875 0.7125 0.971875 0.7125 0.98125 0.7078125 0.990625 0.7078125 0.9984375 0.7125 0.9984375 0.7953125 0.99375 0.7953125 0.9828125 0.7859375 0.9609375 0.775 0.95625 0.778125 0.9546875 0.784375 0.95 0.7875 0.9421875 0.7859375 0.9390625 0.78125 0.9328125 0.7578125 0.9359375 0.734375 0.9390625 0.7234375 0.9453125 0.7125 0.95625 0.7046875
0 0.190625 0.1609375 0.1953125 0.16875 0.196875 0.1859375 0.1890625 0.190625 0.1859375 0.1875 0.178125 0.1890625 0.1734375 0.1734375 0.175 0.1625 0.178125 0.159375 0.1859375 0.1578125 0.1890625 0.1609375
0 0.14375 0.35 0.1578125 0.3515625 0.1625 0.3625 0.1640625 0.378125 0.1625 0.3984375 0.140625 0.409375 0.1375 0.40625 0.134375 0.39375 0.1359375 0.359375 0.14375 0.3515625
0 0.221875 0.2 0.2296875 0.209375 0.2296875 0.221875 0.2234375 0.2234375 0.2171875 0.23125 0.2140625 0.23125 0.209375 0.2265625 0.2015625 0.225 0.1984375 0.21875 0.196875 0.2015625 0.209375 0.1921875 0.2140625 0.1921875 0.2203125 0.2
0 0.0984375 0.30625 0.1015625 0.3125 0.1046875 0.3109375 0.1125 0.3125 0.11875 0.321875 0.1203125 0.3390625 0.115625 0.3484375 0.1109375 0.3484375 0.109375 0.3390625 0.10625 0.3359375 0.103125 0.3375 0.1015625 0.346875 0.0953125 0.3453125 0.096875 0.340625 0.09375 0.3359375 0.0921875 0.3234375 0.096875 0.3078125
0 0.0609375 0.2984375 0.02109375 0.03359375
0 0.2390625 0.171875 0.2421875 0.175 0.2421875 0.184375 0.246875 0.1921875 0.246875 0.1984375 0.2390625 0.2109375 0.2296875 0.2109375 0.21875 0.1921875 0.21875 0.1859375 0.2234375 0.175 0.23125 0.1703125 0.2375 0.171875
0 0.2890625 0.15 0.303125 0.1640625 0.3046875 0.16875 0.303125 0.18125 0.2953125 0.1859375 0.2796875 0.184375 0.275 0.171875 0.2625 0.1640625 0.2609375 0.1609375 0.2640625 0.1546875 0.2671875 0.153125 0.2875 0.15
3 0.165625 0.153125 0.171875 0.1625 0.171875 0.1765625 0.1671875 0.1796875 0.1640625 0.1796875 0.1609375 0.1734375 0.15 0.1625 0.15 0.1578125 0.153125 0.153125 0.1578125 0.1515625 0.1640625 0.153125
3 0.2390625 0.171875 0.2421875 0.1765625 0.2421875 0.184375 0.246875 0.196875 0.240625 0.209375 0.2375 0.2109375 0.2296875 0.2109375 0.221875 0.1953125 0.2234375 0.175 0.23125 0.1703125 0.2375 0.171875