0 0.03125 0.9765625 0.040625 0.9875 0.04375 0.9984375 0 0.9984375 0 0.9953125 0.0140625 0.9828125 0.0296875 0.9765625
0 0.809375 0.1796875 0.8140625 0.1796875 0.8171875 0.1828125 0.8203125 0.19375 0.8171875 0.20625 0.809375 0.209375 0.80625 0.2078125 0.809375 0.18125
0 0.928125 0.30625 0.928125 0.29375 0.9375 0.2828125 0.9421875 0.2828125 0.946875 0.2890625 0.9453125 0.3109375 0.940625 0.3140625 0.9296875 0.30625
0 0.83125 0.1546875 0.834375 0.15625 0.8375 0.1625 0.8375 0.175 0.8328125 0.1859375 0.8234375 0.1859375 0.8140625 0.1765625 0.815625 0.1625 0.825 0.1546875 0.8296875 0.1546875
0 0.840625 0.3515625 0.8546875 0.35 0.8640625 0.3609375 0.8625 0.3671875 0.8640625 0.390625 0.8609375 0.4046875 0.859375 0.4078125 0.85625 0.4078125 0.8359375 0.3984375 0.834375 0.3953125 0.834375 0.365625 0.840625 0.353125
0 0.7625 0.1625 0.76875 0.175 0.765625 0.184375 0.75625 0.190625 0.74375 0.190625 0.740625 0.1953125 0.7375 0.1921875 0.7375 0.175 0.7421875 0.165625 0.7515625 0.1609375 0.7609375 0.1625
0 0.865625 0.1390625 0.86875 0.1421875 0.86875 0.1578125 0.8609375 0.1625 0.8578125 0.1625 0.8515625 0.1546875 0.8484375 0.1546875 0.8484375 0.1484375 0.8546875 0.140625 0.8640625 0.1390625
0 0.8515625 0.153125 0.8578125 0.1625 0.85625 0.1765625 0.8515625 0.1828125 0.846875 0.18125 0.840625 0.1734375 0.840625 0.1640625 0.85 0.153125
0 0.9 0.3078125 0.9046875 0.3125 0.9046875 0.3171875 0.909375 0.3234375 0.909375 0.3359375 0.90625 0.346875 0.896875 0.353125 0.89375 0.35 0.8953125 0.340625 0.8921875 0.3296875 0.8859375 0.35 0.88125 0.346875 0.878125 0.3390625 0.8796875 0.325 0.8859375 0.3125 0.890625 0.3125 0.890625 0.3171875 0.89375 0.31875 0.9 0.309375
0 0.78125 0.14375 0.7859375 0.146875 0.7875 0.1453125 0.7921875 0.146875 0.7953125 0.153125 0.7953125 0.1625 0.790625 0.16875 0.7859375 0.1671875 0.775 0.171875 0.76875 0.16875 0.765625 0.1609375 0.7703125 0.15 0.7796875 0.14375
0 0.7046875 0.15 0.7078125 0.1546875 0.70625 0.1796875 0.703125 0.1828125 0.690625 0.18125 0.6859375 0.1859375 0.6703125 0.1796875 0.6671875 0.175 0.6671875 0.1640625 0.675 0.159375 0.6796875 0.15 0.703125 0.15
1 0.715625 0.1984375 0.715625 0.1828125 0.721875 0.175 0.7265625 0.175 0.728125 0.1875 0.725 0.1984375 0.7234375 0.2 0.7171875 0.1984375
2 0.7890625 0.175 0.7953125 0.178125 0.8015625 0.1765625 0.80625 0.178125 0.8078125 0.18125 0.8046875 0.21875 0.7953125 0.2265625 0.7796875 0.2234375 0.775 0.228125 0.76875 0.2296875 0.75625 0.2203125 0.7609375 0.1921875 0.7703125 0.18125 0.775 0.18125 0.78125 0.1875 0.784375 0.1875 0.7875 0.184375 0.7890625 0.1765625