0 0.0890625 0.3078125 0.090625 0.309375 0.0984375 0.3078125 0.1015625 0.3140625 0.1 0.3203125 0.103125 0.3234375 0.10625 0.321875 0.1046875 0.3140625 0.1078125 0.3109375 0.1125 0.3125 0.1203125 0.33125 0.11875 0.34375 0.1140625 0.35 0.1109375 0.35 0.109375 0.346875 0.10625 0.33125 0.103125 0.3390625 0.1046875 0.3515625 0.1015625 0.3546875 0.0984375 0.353125 0.090625 0.346875 0.090625 0.340625 0.0828125 0.321875 0.0859375 0.31875 0.084375 0.3140625 0.0890625 0.309375
0 0.165625 0.15 0.171875 0.1453125 0.1828125 0.1453125 0.1875 0.153125 0.1875 0.1625 0.184375 0.1671875 0.1671875 0.16875 0.1640625 0.1609375 0.165625 0.1515625
0 0.6046875 0.1125 0.6125 0.1265625 0.6125 0.14375 0.603125 0.153125 0.5921875 0.15 0.5890625 0.14375 0.5890625 0.134375 0.59375 0.1265625 0.5953125 0.115625 0.5984375 0.1125 0.603125 0.1125
0 0.190625 0.190625 0.028125 0.0359375
0 0.234375 0.2 0.2421875 0.2125 0.2421875 0.221875 0.240625 0.2265625 0.23125 0.2328125 0.2234375 0.225 0.2171875 0.23125 0.209375 0.2328125 0.20625 0.2234375 0.20625 0.2140625 0.2078125 0.203125 0.2109375 0.2 0.2234375 0.1953125 0.228125 0.1953125 0.2328125 0.2
0 0.95625 0.7765625 0.95625 0.78125 0.9671875 0.790625 0.975 0.790625 0.98125 0.7875 0.9984375 0.7875 0.9984375 0.9109375 0.9875 0.8984375 0.9734375 0.8859375 0.9546875 0.8734375 0.953125 0.8703125 0.9421875 0.8734375 0.9375 0.865625 0.9359375 0.8546875 0.93125 0.8484375 0.9296875 0.8328125 0.9375 0.8015625 0.9421875 0.7921875 0.95625 0.778125
0 0.2453125 0.1921875 0.2515625 0.1875 0.259375 0.1875 0.26875 0.196875 0.2765625 0.2 0.2765625 0.2125 0.271875 0.2171875 0.2625 0.221875 0.246875 0.2203125 0.24375 0.2171875 0.240625 0.203125 0.2453125 0.19375
0 0.153125 0.35 0.1609375 0.35625 0.1640625 0.365625 0.1640625 0.3953125 0.1625 0.3984375 0.1421875 0.4078125 0.1390625 0.4078125 0.134375 0.3921875 0.1359375 0.3859375 0.134375 0.359375 0.14375 0.35 0.1515625 0.35
0 0.2578125 0.1609375 0.2640625 0.16875 0.278125 0.175 0.28125 0.1828125 0.28125 0.1890625 0.2765625 0.196875 0.2671875 0.1953125 0.259375 0.1859375 0.2515625 0.1859375 0.253125 0.1765625 0.259375 0.16875 0.2578125 0.1625
0 0.140625 0.15078125 0.02265625 0.02890625
0 0.28125 0.15 0.29375 0.1640625 0.29375 0.175 0.290625 0.1796875 0.284375 0.1796875 0.278125 0.1734375 0.265625 0.16875 0.2640625 0.165625 0.2625 0.1609375 0.2640625 0.1546875 0.2734375 0.1484375 0.2796875 0.15
0 0.05625 0.28125 0.0609375 0.2828125 0.0703125 0.2921875 0.071875 0.296875 0.0703125 0.3046875 0.0671875 0.3046875 0.0609375 0.3125 0.05625 0.3140625 0.053125 0.3109375 0.0515625 0.3015625 0.0515625 0.2875 0.05625 0.2828125
0 0.24375 0.1546875 0.253125 0.1578125 0.2546875 0.1609375 0.2546875 0.1734375 0.2515625 0.1796875 0.246875 0.1828125 0.240625 0.1828125 0.2390625 0.1765625 0.228125 0.165625 0.228125 0.1625 0.234375 0.15625 0.2421875 0.1546875