0 0.9546875 0.1671875 0.959375 0.1671875 0.965625 0.178125 0.965625 0.1828125 0.9625 0.1859375 0.959375 0.1875 0.9515625 0.1859375 0.946875 0.1796875 0.946875 0.175 0.9546875 0.16875
0 0.0328125 0.978125 0.040625 0.9875 0.04375 0.9984375 0 0.9984375 0 0.9953125 0.00625 0.9875 0.009375 0.9875 0.01875 0.9796875 0.03125 0.978125
0 0.8078125 0.18125 0.8140625 0.18125 0.81875 0.1859375 0.8171875 0.2046875 0.80625 0.2078125 0.8078125 0.1828125
0 0.903125 0.16640625 0.015625 0.025
0 0.9546875 0.1625 0.95625 0.1703125 0.9484375 0.1796875 0.94375 0.1765625 0.94375 0.1703125 0.9484375 0.1625 0.953125 0.1625
0 0.75 0.203125 0.01953125 0.03359375
0 0.8296875 0.1546875 0.8375 0.1640625 0.8359375 0.178125 0.83125 0.1859375 0.8234375 0.1859375 0.8140625 0.1765625 0.8140625 0.1640625 0.828125 0.1546875
0 0.8515625 0.1578125 0.85625 0.165625 0.8546875 0.1796875 0.8515625 0.184375 0.8453125 0.1828125 0.8375 0.1765625 0.8375 0.165625 0.840625 0.159375 0.84375 0.15625 0.85 0.1578125
0 0.8546875 0.35 0.8625 0.359375 0.8625 0.3859375 0.8640625 0.3875 0.8625 0.4 0.8578125 0.4078125 0.8359375 0.3984375 0.834375 0.3953125 0.8359375 0.359375 0.840625 0.3515625 0.853125 0.35
0 0.9 0.3046875 0.9046875 0.3125 0.9015625 0.321875 0.8953125 0.325 0.8890625 0.334375 0.8828125 0.3359375 0.8796875 0.3296875 0.8796875 0.3234375 0.8859375 0.3125 0.890625 0.3109375 0.8921875 0.31875 0.8953125 0.321875 0.896875 0.3203125 0.896875 0.3125 0.9 0.30625
0 0.9390625 0.2984375 0.02109375 0.03359375
0 0.775 0.1453125 0.7796875 0.1453125 0.784375 0.1484375 0.7890625 0.146875 0.79375 0.15 0.7953125 0.1546875 0.7953125 0.1625 0.7921875 0.16875 0.7859375 0.1671875 0.771875 0.1703125 0.76875 0.16875 0.765625 0.1578125 0.7703125 0.15 0.775 0.146875
0 0.678125 0.15 0.7046875 0.15 0.7078125 0.1578125 0.70625 0.178125 0.7015625 0.1828125 0.690625 0.18125 0.6859375 0.1859375 0.6828125 0.1859375 0.675 0.1828125 0.665625 0.1734375 0.6671875 0.1640625 0.6765625 0.15625 0.678125 0.1515625
0 0.903125 0.3203125 0.9078125 0.3203125 0.9125 0.325 0.9125 0.3296875 0.9078125 0.346875 0.8984375 0.35625 0.8921875 0.35625 0.890625 0.3421875 0.8859375 0.35 0.88125 0.346875 0.8796875 0.3421875 0.88125 0.33125 0.884375 0.3265625 0.8890625 0.3265625 0.8890625 0.3328125 0.8921875 0.3375 0.8984375 0.325 0.903125 0.321875
1 0.725 0.175 0.728125 0.1796875 0.728125 0.1890625 0.7234375 0.2 0.715625 0.1984375 0.7140625 0.1953125 0.715625 0.1828125 0.7234375 0.175
2 0.7875 0.175 0.8 0.175 0.80625 0.1796875 0.80625 0.2015625 0.803125 0.21875 0.7953125 0.2234375 0.78125 0.2234375 0.7734375 0.23125 0.765625 0.2296875 0.7546875 0.2203125 0.75625 0.2 0.7609375 0.190625 0.771875 0.178125 0.78125 0.178125 0.784375 0.18125 0.7875 0.1765625