0 0.1546875 0.35 0.159375 0.353125 0.1640625 0.3671875 0.1625 0.375 0.1640625 0.3765625 0.1640625 0.3953125 0.1625 0.3984375 0.1453125 0.4046875 0.1421875 0.4078125 0.1375 0.40625 0.134375 0.39375 0.1359375 0.3859375 0.1359375 0.3640625 0.134375 0.3625 0.1453125 0.35 0.153125 0.35
0 0.9984375 0.8390625 0.9984375 0.9140625 0.99375 0.9171875 0.9859375 0.9046875 0.9859375 0.8796875 0.990625 0.865625 0.9921875 0.8515625 0.996875 0.840625
0 0.2125 0.1828125 0.215625 0.1875 0.2171875 0.196875 0.2140625 0.20625 0.2078125 0.2109375 0.19375 0.209375 0.190625 0.1984375 0.190625 0.1890625 0.2046875 0.18125 0.2109375 0.1828125
0 0.1359375 0.153125 0.14375 0.1625 0.1421875 0.1734375 0.1390625 0.178125 0.134375 0.178125 0.1296875 0.175 0.125 0.1765625 0.1203125 0.1671875 0.1203125 0.1578125 0.121875 0.15625 0.1265625 0.1578125 0.134375 0.153125
0 0.046875 0.1578125 0.053125 0.1578125 0.0578125 0.165625 0.0578125 0.1734375 0.0546875 0.175 0.046875 0.1734375 0.0453125 0.171875 0.046875 0.159375
0 0.0984375 0.3046875 0.1015625 0.3109375 0.109375 0.3109375 0.115625 0.315625 0.121875 0.33125 0.121875 0.334375 0.115625 0.340625 0.1125 0.3484375 0.115625 0.3359375 0.1046875 0.325 0.096875 0.321875 0.09375 0.3125 0.0984375 0.30625
0 0.09375 0.3171875 0.103125 0.328125 0.10625 0.34375 0.109375 0.325 0.115625 0.3296875 0.11875 0.3375 0.1171875 0.346875 0.1140625 0.35 0.1109375 0.35 0.1109375 0.3453125 0.1078125 0.3421875 0.10625 0.34375 0.1046875 0.3578125 0.1015625 0.3578125 0.09375 0.3484375 0.090625 0.3484375 0.0859375 0.3359375 0.084375 0.325 0.0921875 0.3171875
0 0.2484375 0.1703125 0.2625 0.16875 0.26875 0.175 0.271875 0.175 0.278125 0.184375 0.2765625 0.196875 0.26875 0.203125 0.265625 0.203125 0.25625 0.1828125 0.246875 0.175 0.2484375 0.171875
0 0.17734375 0.18828125 0.025 0.02890625
0 0.06171875 0.2984375 0.021875 0.03359375
0 0.14375 0.140625 0.146875 0.1421875 0.15 0.15 0.15 0.159375 0.1453125 0.1625 0.140625 0.1609375 0.1328125 0.1515625 0.1328125 0.1421875 0.1421875 0.140625
0 0.29375 0.15 0.3109375 0.1671875 0.3109375 0.1796875 0.303125 0.1859375 0.2828125 0.1859375 0.2796875 0.178125 0.2796875 0.165625 0.2828125 0.1578125 0.2921875 0.1515625
3 0.271875 0.146875 0.278125 0.1578125 0.2765625 0.1734375 0.2734375 0.175 0.2671875 0.1734375 0.2625 0.16875 0.2515625 0.1703125 0.25 0.165625 0.25 0.1546875 0.253125 0.1484375 0.2703125 0.146875
3 0.25 0.178125 0.2546875 0.1828125 0.2609375 0.203125 0.259375 0.209375 0.2484375 0.215625 0.23125 0.2109375 0.228125 0.1921875 0.2296875 0.184375 0.234375 0.1796875 0.2484375 0.178125