0 0.2625 0.1671875 0.2703125 0.175 0.2734375 0.175 0.278125 0.18125 0.278125 0.19375 0.2703125 0.2015625 0.2640625 0.2015625 0.25625 0.1875 0.246875 0.1796875 0.246875 0.175 0.253125 0.1671875 0.2609375 0.1671875
0 0.01875 0.215625 0.021875 0.2171875 0.0234375 0.2265625 0.015625 0.234375 0.0125 0.2328125 0.0109375 0.2203125 0.0125 0.2171875 0.0171875 0.215625
0 0.1765625 0.175 0.1859375 0.1796875 0.190625 0.1921875 0.1890625 0.1984375 0.178125 0.203125 0.16875 0.203125 0.1640625 0.1921875 0.165625 0.1796875 0.1703125 0.175 0.175 0.175
0 0.153125 0.175 0.1578125 0.178125 0.1609375 0.1859375 0.1578125 0.196875 0.15625 0.1984375 0.140625 0.1984375 0.1390625 0.196875 0.1390625 0.1796875 0.1421875 0.1765625 0.1515625 0.1765625
0 0.95625 0.9515625 0.965625 0.959375 0.984375 0.9671875 0.9984375 0.9796875 0.9984375 0.996875 0.996875 0.9984375 0.9234375 0.9984375 0.925 0.98125 0.93125 0.9625 0.9421875 0.953125 0.9546875 0.9515625
0 0.1578125 0.1578125 0.1671875 0.1703125 0.1671875 0.175 0.1609375 0.184375 0.1546875 0.1765625 0.146875 0.1765625 0.1421875 0.1734375 0.14375 0.1640625 0.15 0.1578125 0.153125 0.15625 0.15625 0.1578125
0 0.1828125 0.171875 0.02265625 0.025
0 0.1578125 0.3515625 0.1640625 0.365625 0.1640625 0.396875 0.14375 0.4078125 0.1390625 0.4078125 0.1359375 0.4 0.134375 0.3921875 0.1359375 0.3640625 0.134375 0.3625 0.14375 0.35 0.15625 0.3515625
0 0.0984375 0.30625 0.1015625 0.325 0.10625 0.3234375 0.1078125 0.3109375 0.1125 0.3125 0.11875 0.3234375 0.1203125 0.340625 0.115625 0.3484375 0.1125 0.35 0.1109375 0.3484375 0.1109375 0.340625 0.10625 0.328125 0.103125 0.3296875 0.103125 0.3484375 0.1015625 0.35 0.0953125 0.3484375 0.0921875 0.3453125 0.0921875 0.334375 0.0890625 0.325 0.096875 0.3078125
0 0.0609375 0.29765625 0.021875 0.034375
0 0.2359375 0.1625 0.2390625 0.165625 0.2375 0.1796875 0.2328125 0.18125 0.2234375 0.19375 0.2203125 0.19375 0.215625 0.178125 0.21875 0.1640625 0.228125 0.1578125 0.234375 0.1625
0 0.2484375 0.18125 0.2546875 0.1875 0.2609375 0.1984375 0.2609375 0.203125 0.2578125 0.2109375 0.25 0.2140625 0.2453125 0.21875 0.234375 0.2171875 0.228125 0.203125 0.228125 0.1890625 0.2359375 0.18125 0.246875 0.18125
0 0.1328125 0.15625 0.1390625 0.1625 0.140625 0.16875 0.1390625 0.1734375 0.1296875 0.1796875 0.125 0.1796875 0.121875 0.171875 0.1234375 0.159375 0.1265625 0.15625 0.13125 0.15625
0 0.2921875 0.15 0.309375 0.165625 0.3109375 0.1796875 0.303125 0.1859375 0.28125 0.1828125 0.278125 0.1671875 0.28125 0.1578125 0.290625 0.1515625
0 0.2078125 0.1796875 0.2171875 0.1921875 0.215625 0.2046875 0.209375 0.2109375 0.1953125 0.209375 0.190625 0.1984375 0.19375 0.18125 0.2 0.178125 0.20625 0.1796875
1 0.9984375 0.8390625 0.9984375 0.915625 0.9921875 0.915625 0.9859375 0.903125 0.9859375 0.88125 0.9953125 0.84375 0.9984375 0.840625
1 0.32734375 0.1671875 0.0171875 0.0234375
3 0.271875 0.146875 0.278125 0.1546875 0.275 0.1734375 0.2703125 0.1734375 0.2625 0.165625 0.2515625 0.1671875 0.25 0.1640625 0.25 0.153125 0.253125 0.1484375 0.2703125 0.146875