0 0.259375 0.1640625 0.265625 0.1671875 0.2734375 0.1765625 0.2765625 0.1859375 0.275 0.196875 0.2609375 0.203125 0.25625 0.1984375 0.2484375 0.1953125 0.24375 0.1796875 0.246875 0.171875 0.2578125 0.165625
0 0.9578125 0.7046875 0.96875 0.7125 0.9734375 0.7125 0.98125 0.7078125 0.990625 0.7078125 0.9984375 0.7125 0.9984375 0.79375 0.99375 0.79375 0.9640625 0.7734375 0.9578125 0.7734375 0.9546875 0.7765625 0.953125 0.7859375 0.95 0.7875 0.9421875 0.7859375 0.9390625 0.78125 0.9328125 0.759375 0.9359375 0.734375 0.9453125 0.7125 0.9515625 0.70625 0.95625 0.7046875
0 0.184375 0.20546875 0.028125 0.03359375
0 0.0921875 0.3484375 0.0859375 0.3296875 0.0859375 0.325 0.0921875 0.315625 0.103125 0.3265625 0.103125 0.3484375 0.1046875 0.35 0.103125 0.3546875 0.1 0.3546875 0.09375 0.3484375
0 0.9875 0.821875 0.9984375 0.8328125 0.9984375 0.8703125 0.996875 0.871875 0.9984375 0.9265625 0.9890625 0.921875 0.9828125 0.915625 0.978125 0.915625 0.9734375 0.91875 0.9703125 0.9171875 0.9640625 0.909375 0.9578125 0.8875 0.959375 0.8625 0.9671875 0.8421875 0.971875 0.8328125 0.9859375 0.821875
0 0.115625 0.153125 0.11875 0.16875 0.1171875 0.1734375 0.1125 0.175 0.1046875 0.171875 0.1046875 0.1578125 0.109375 0.153125 0.1140625 0.153125
0 0.14375 0.35 0.1546875 0.35 0.159375 0.353125 0.1640625 0.378125 0.1625 0.3984375 0.140625 0.409375 0.1375 0.40625 0.134375 0.39375 0.1359375 0.3609375 0.14375 0.3515625
0 0.225 0.203125 0.2296875 0.2109375 0.2296875 0.2234375 0.2234375 0.2234375 0.2171875 0.23125 0.2140625 0.23125 0.209375 0.2265625 0.203125 0.2265625 0.1984375 0.21875 0.1984375 0.2 0.209375 0.1921875 0.2140625 0.1921875 0.2234375 0.203125
0 0.95625 0.9375 0.9734375 0.9515625 0.984375 0.95 0.9953125 0.953125 0.9984375 0.95625 0.9984375 0.9984375 0.921875 0.9984375 0.925 0.978125 0.93125 0.96875 0.93125 0.9640625 0.9390625 0.946875 0.946875 0.9390625 0.9546875 0.9375
0 0.0984375 0.3046875 0.1046875 0.3125 0.109375 0.3109375 0.1140625 0.3140625 0.1203125 0.328125 0.1203125 0.3375 0.115625 0.3484375 0.1109375 0.3484375 0.1109375 0.3421875 0.1046875 0.3296875 0.1015625 0.3484375 0.096875 0.3484375 0.0953125 0.3453125 0.0984375 0.3390625 0.09375 0.3265625 0.09375 0.3125 0.0984375 0.30625
0 0.0609375 0.2828125 0.0703125 0.2921875 0.071875 0.2984375 0.06875 0.3046875 0.0578125 0.3140625 0.053125 0.3109375 0.05 0.290625 0.05625 0.28125 0.059375 0.2828125
0 0.2375 0.171875 0.2421875 0.175 0.2421875 0.18125 0.246875 0.19375 0.246875 0.1984375 0.2421875 0.20625 0.2359375 0.2109375 0.2296875 0.2109375 0.2203125 0.196875 0.2203125 0.1859375 0.2234375 0.1796875 0.2359375 0.1734375
0 0.2875 0.15 0.3046875 0.1671875 0.3046875 0.178125 0.296875 0.1859375 0.28125 0.1859375 0.278125 0.1828125 0.2765625 0.175 0.271875 0.1703125 0.271875 0.1640625 0.275 0.1578125 0.2859375 0.15