0 0.98203125 0.22734375 0.015625 0.0234375
0 0.4484375 0.3765625 0.4546875 0.3828125 0.465625 0.3828125 0.48125 0.3953125 0.484375 0.4 0.484375 0.4234375 0.4765625 0.440625 0.471875 0.4421875 0.46875 0.440625 0.459375 0.4484375 0.446875 0.453125 0.4359375 0.4609375 0.43125 0.46875 0.41875 0.4703125 0.4140625 0.4734375 0.4109375 0.4734375 0.4046875 0.4671875 0.39375 0.45 0.3921875 0.4328125 0.3953125 0.4 0.4046875 0.390625 0.4140625 0.3875 0.434375 0.375 0.446875 0.3765625
0 0.203125 0.35 0.209375 0.3703125 0.209375 0.3828125 0.2046875 0.3953125 0.2015625 0.3984375 0.1890625 0.4015625 0.165625 0.4125 0.153125 0.425 0.1421875 0.4234375 0.1390625 0.4203125 0.1375 0.4 0.1390625 0.3859375 0.1421875 0.378125 0.153125 0.3703125 0.1609375 0.3515625 0.1796875 0.3375 0.19375 0.3359375 0.2015625 0.35
0 0.9625 0.1921875 0.965625 0.1984375 0.965625 0.2109375 0.9625 0.2125 0.95625 0.2109375 0.9515625 0.2046875 0.9515625 0.196875 0.95625 0.1921875 0.9609375 0.1921875
0 0.9 0.3078125 0.903125 0.3140625 0.9125 0.3234375 0.9078125 0.3484375 0.9015625 0.35 0.896875 0.35625 0.89375 0.35625 0.8921875 0.3484375 0.8890625 0.3453125 0.8875 0.3484375 0.884375 0.3484375 0.8796875 0.3421875 0.8796875 0.325 0.8828125 0.3171875 0.8859375 0.3125 0.890625 0.3109375 0.89375 0.3140625 0.8921875 0.321875 0.896875 0.325 0.9 0.309375
0 0.3484375 0.0171875 0.3515625 0.021875 0.35 0.0296875 0.3453125 0.0296875 0.3421875 0.0265625 0.3421875 0.0171875 0.34375 0.015625 0.346875 0.0171875
0 0.834375 0.3984375 0.8328125 0.39375 0.834375 0.3625 0.8375 0.35625 0.846875 0.35 0.8546875 0.35 0.8625 0.3609375 0.8640625 0.3953125 0.8609375 0.40625 0.8578125 0.409375 0.8359375 0.3984375
0 0.771875 0.2765625 0.7796875 0.2828125 0.7859375 0.2921875 0.7875 0.3109375 0.7859375 0.3171875 0.7796875 0.31875 0.76875 0.328125 0.7609375 0.3265625 0.75 0.315625 0.746875 0.30625 0.746875 0.2875 0.75625 0.2765625 0.7609375 0.275 0.7703125 0.2765625
0 0.934375 0.25078125 0.021875 0.02890625
0 0.9234375 0.2890625 0.925 0.290625 0.9234375 0.315625 0.915625 0.321875 0.9078125 0.3171875 0.90625 0.30625 0.9078125 0.3 0.9171875 0.290625 0.921875 0.2890625
0 0.8609375 0.2328125 0.865625 0.240625 0.865625 0.2546875 0.8625 0.2609375 0.8546875 0.2640625 0.85 0.2640625 0.84375 0.2578125 0.840625 0.2515625 0.8390625 0.2375 0.8484375 0.2265625 0.853125 0.2265625 0.859375 0.2328125
0 0.94375 0.2828125 0.9484375 0.2859375 0.9484375 0.3015625 0.94375 0.3140625 0.928125 0.309375 0.9265625 0.30625 0.9265625 0.29375 0.9375 0.2828125 0.9421875 0.2828125
0 0.8546875 0.1390625 0.865625 0.1375 0.8671875 0.140625 0.8671875 0.1578125 0.859375 0.165625 0.85625 0.165625 0.846875 0.1578125 0.85 0.14375 0.8546875 0.140625
0 0.5828125 0.3015625 0.59375 0.3109375 0.60625 0.315625 0.60625 0.3359375 0.603125 0.346875 0.5921875 0.3515625 0.578125 0.3703125 0.5703125 0.3671875 0.5625 0.36875 0.553125 0.3609375 0.55 0.3609375 0.546875 0.35625 0.546875 0.340625 0.55 0.325 0.5625 0.3046875 0.56875 0.3 0.58125 0.3015625
0 0.965625 0.1875 0.984375 0.1875 0.990625 0.19375 0.990625 0.20625 0.9875 0.2078125 0.9796875 0.2 0.9765625 0.2015625 0.9671875 0.2 0.9640625 0.19375 0.965625 0.1890625
0 0.403125 0.059375 0.409375 0.0640625 0.409375 0.0796875 0.40625 0.084375 0.4 0.0859375 0.3953125 0.0859375 0.390625 0.08125 0.390625 0.065625 0.396875 0.059375 0.4015625 0.059375
0 0.6484375 0.18125 0.6609375 0.1859375 0.6640625 0.196875 0.6640625 0.2109375 0.65625 0.21875 0.646875 0.2203125 0.6390625 0.225 0.6203125 0.221875 0.61875 0.2015625 0.628125 0.1953125 0.6421875 0.178125 0.646875 0.18125