0 0.9296875 0.39375 0.9375 0.4 0.940625 0.4 0.953125 0.4125 0.9609375 0.434375 0.9734375 0.4515625 0.975 0.4828125 0.9734375 0.4875 0.9640625 0.490625 0.95625 0.490625 0.9515625 0.48125 0.94375 0.4734375 0.928125 0.4609375 0.91875 0.4578125 0.9140625 0.453125 0.909375 0.4359375 0.9109375 0.415625 0.91875 0.40625 0.921875 0.396875 0.928125 0.39375
0 0.578125 0.109375 0.58125 0.1125 0.58125 0.128125 0.578125 0.1328125 0.5765625 0.1421875 0.571875 0.1484375 0.553125 0.1484375 0.5515625 0.146875 0.5515625 0.128125 0.553125 0.121875 0.5625 0.1125 0.5703125 0.1078125 0.5765625 0.109375
0 0.0625 0.1546875 0.0671875 0.1625 0.0671875 0.1703125 0.0609375 0.1765625 0.053125 0.1703125 0.0515625 0.1625 0.0546875 0.1546875 0.0578125 0.153125 0.0609375 0.1546875
0 0.1578125 0.3515625 0.1640625 0.365625 0.1640625 0.396875 0.1421875 0.4078125 0.1390625 0.4078125 0.1359375 0.4 0.134375 0.3609375 0.1359375 0.35625 0.14375 0.35 0.15625 0.3515625
0 0.1265625 0.1515625 0.1359375 0.1546875 0.1421875 0.1625 0.140625 0.1734375 0.1265625 0.175 0.1234375 0.165625 0.1234375 0.1578125 0.1265625 0.153125
0 0.9984375 0.4703125 0.9984375 0.5125 0.9953125 0.5078125 0.99375 0.4984375 0.99375 0.48125 0.9984375 0.471875
0 0.059375 0.28125 0.0703125 0.29375 0.0703125 0.3015625 0.059375 0.3140625 0.053125 0.3109375 0.05 0.29375 0.0515625 0.2875 0.0578125 0.28125
0 0.571875 0.1578125 0.5765625 0.1625 0.5765625 0.1921875 0.575 0.1984375 0.5671875 0.20625 0.5640625 0.2140625 0.559375 0.2171875 0.55 0.215625 0.54375 0.2171875 0.540625 0.2140625 0.5390625 0.1875 0.546875 0.1765625 0.5515625 0.1640625 0.5578125 0.1578125 0.5609375 0.15625 0.5703125 0.1578125
0 0.328125 0.1609375 0.33125 0.1625 0.3328125 0.171875 0.3265625 0.18125 0.3171875 0.184375 0.3140625 0.184375 0.309375 0.178125 0.3046875 0.1515625 0.3203125 0.15 0.321875 0.15625 0.3265625 0.1609375
0 0.575 0.21875 0.5828125 0.225 0.5890625 0.2421875 0.6 0.2546875 0.5984375 0.2828125 0.596875 0.284375 0.5890625 0.2828125 0.5796875 0.2859375 0.5734375 0.284375 0.571875 0.275 0.5640625 0.2671875 0.5609375 0.265625 0.55625 0.2734375 0.55 0.2453125 0.553125 0.225 0.5625 0.21875 0.5734375 0.21875
0 0.0921875 0.31875 0.0953125 0.3203125 0.103125 0.3328125 0.10625 0.35625 0.1015625 0.3578125 0.09375 0.3484375 0.090625 0.3484375 0.0859375 0.3296875 0.0859375 0.3234375 0.090625 0.3203125
0 0.1421875 0.1390625 0.146875 0.1421875 0.15 0.15 0.1484375 0.1609375 0.1390625 0.1609375 0.1296875 0.1546875 0.1296875 0.1421875 0.1328125 0.1390625 0.140625 0.1390625
0 0.5671875 0.090625 0.571875 0.1015625 0.553125 0.1203125 0.55 0.1171875 0.5515625 0.0953125 0.5546875 0.090625 0.565625 0.090625
0 0.5984375 0.1125 0.609375 0.1203125 0.60625 0.146875 0.5984375 0.1546875 0.59375 0.1546875 0.5890625 0.1484375 0.58125 0.1484375 0.5796875 0.14375 0.5796875 0.1328125 0.584375 0.121875 0.5890625 0.11875 0.59375 0.11875 0.5984375 0.1140625
1 0.2796875 0.178125 0.284375 0.1875 0.284375 0.1953125 0.2828125 0.1984375 0.2765625 0.2 0.2734375 0.1984375 0.2703125 0.1859375 0.271875 0.1796875 0.278125 0.178125