0 0.8265625 0.175 0.846875 0.175 0.8484375 0.18125 0.846875 0.1984375 0.8328125 0.2015625 0.8234375 0.1984375 0.8203125 0.1921875 0.821875 0.18125 0.8265625 0.1765625
0 0.9203125 0.2921875 0.925 0.3 0.925 0.3046875 0.9328125 0.3125 0.93125 0.3234375 0.9234375 0.33125 0.915625 0.3296875 0.9015625 0.3125 0.9015625 0.30625 0.9109375 0.2984375 0.9140625 0.2921875 0.91875 0.2921875
0 0.7546875 0.1828125 0.7640625 0.184375 0.7703125 0.190625 0.7703125 0.2 0.7671875 0.209375 0.7609375 0.215625 0.7546875 0.2171875 0.746875 0.2171875 0.7375 0.209375 0.7375 0.2046875 0.746875 0.1875 0.753125 0.184375
0 0.0078125 0.81875 0.0171875 0.8296875 0.025 0.84375 0.034375 0.8796875 0.0328125 0.89375 0.0234375 0.9140625 0.01875 0.9171875 0.0109375 0.915625 0.0046875 0.9234375 0 0.9234375 0 0.8296875 0.0078125 0.8203125
0 0.8890625 0.1765625 0.01328125 0.028125
0 0.8546875 0.35 0.865625 0.3609375 0.8640625 0.3859375 0.85625 0.4015625 0.8546875 0.4109375 0.85 0.4109375 0.8375 0.4015625 0.8296875 0.3984375 0.8296875 0.378125 0.8328125 0.3625 0.8390625 0.3578125 0.84375 0.3484375 0.853125 0.35
0 0.8921875 0.328125 0.03671875 0.04140625
0 0.003125 0.9453125 0.0078125 0.95625 0.015625 0.965625 0.01875 0.978125 0.025 0.9890625 0.0265625 0.9984375 0 0.9984375 0 0.9484375 0.0015625 0.946875
0 0.73125 0.15 0.7390625 0.1546875 0.7390625 0.1625 0.725 0.1765625 0.721875 0.1859375 0.715625 0.1859375 0.7125 0.1828125 0.709375 0.1765625 0.709375 0.1703125 0.7140625 0.159375 0.721875 0.1515625 0.7296875 0.15
0 0.9484375 0.26875 0.9515625 0.26875 0.9515625 0.2734375 0.9546875 0.2765625 0.9578125 0.275 0.9625 0.2765625 0.9640625 0.2828125 0.9625 0.296875 0.95625 0.2984375 0.9546875 0.2953125 0.9546875 0.2765625 0.953125 0.275 0.95 0.278125 0.95 0.2859375 0.9421875 0.3109375 0.934375 0.3109375 0.9265625 0.2984375 0.9265625 0.2875 0.9296875 0.28125 0.9359375 0.275 0.94375 0.275 0.9484375 0.2703125
0 0.9984375 0.7875 0.9984375 0.8421875 0.9921875 0.8359375 0.9890625 0.828125 0.9890625 0.8203125 0.996875 0.7890625
0 0.7703125 0.1546875 0.778125 0.1625 0.778125 0.171875 0.7671875 0.1765625 0.7515625 0.1734375 0.75 0.1625 0.759375 0.153125 0.76875 0.1546875
0 0.7265625 0.175 0.7390625 0.1625 0.74375 0.1625 0.7484375 0.171875 0.7484375 0.175 0.7390625 0.1875 0.7375 0.196875 0.7328125 0.2015625 0.7234375 0.1953125 0.721875 0.1875 0.7265625 0.1765625
0 0.840625 0.2578125 0.846875 0.2625 0.8546875 0.2765625 0.8546875 0.2921875 0.8421875 0.2984375 0.8359375 0.296875 0.83125 0.2859375 0.8265625 0.284375 0.821875 0.2859375 0.8203125 0.2765625 0.821875 0.2671875 0.8265625 0.259375 0.8296875 0.25625 0.8390625 0.2578125
2 0.803125 0.15625 0.8203125 0.1640625 0.81875 0.1921875 0.8171875 0.1953125 0.8109375 0.1984375 0.7953125 0.1984375 0.79375 0.190625 0.7875 0.184375 0.7875 0.1625 0.790625 0.1578125 0.8015625 0.15625
2 0.8671875 0.1515625 0.8828125 0.15625 0.8890625 0.16875 0.884375 0.1734375 0.884375 0.184375 0.875 0.1921875 0.8703125 0.1921875 0.8703125 0.1765625 0.86875 0.175 0.8671875 0.1765625 0.8671875 0.19375 0.8609375 0.19375 0.8515625 0.1859375 0.853125 0.165625 0.85625 0.1578125 0.8609375 0.1515625 0.865625 0.1515625
1 0.0875 0.8140625 0.090625 0.8171875 0.1 0.81875 0.1078125 0.8265625 0.1140625 0.840625 0.1140625 0.85625 0.1046875 0.86875 0.1046875 0.8734375 0.1015625 0.8765625 0.1015625 0.8859375 0.096875 0.8859375 0.0921875 0.88125 0.0890625 0.88125 0.0765625 0.896875 0.0671875 0.890625 0.065625 0.878125 0.05625 0.8609375 0.05625 0.8421875 0.0703125 0.828125 0.0734375 0.815625 0.0859375 0.8140625