0 0.2859375 0.478125 0.2921875 0.48125 0.2953125 0.4875 0.296875 0.4984375 0.3171875 0.5421875 0.31875 0.5828125 0.3171875 0.5875 0.3109375 0.5890625 0.30625 0.5953125 0.3 0.5984375 0.2953125 0.5953125 0.2875 0.5984375 0.2828125 0.6109375 0.278125 0.60625 0.2734375 0.5953125 0.2578125 0.5375 0.2546875 0.5328125 0.2515625 0.503125 0.253125 0.49375 0.2578125 0.4875 0.2765625 0.478125 0.284375 0.478125
0 0.6203125 0.1046875 0.02109375 0.0375
0 0.62109375 0.04609375 0.015625 0.01953125
0 0.14375 0.35 0.1578125 0.3515625 0.1625 0.3609375 0.1625 0.3703125 0.165625 0.38125 0.1640625 0.3984375 0.1421875 0.409375 0.1375 0.40625 0.134375 0.3921875 0.1359375 0.3609375 0.14375 0.3515625
0 0.0984375 0.30625 0.1046875 0.3171875 0.109375 0.3109375 0.1140625 0.3140625 0.11875 0.321875 0.1203125 0.3359375 0.1171875 0.346875 0.1125 0.35 0.1078125 0.34375 0.1046875 0.35625 0.1015625 0.35625 0.0921875 0.346875 0.0875 0.3234375 0.090625 0.3171875 0.0890625 0.3125 0.090625 0.3140625 0.0953125 0.3125 0.096875 0.3078125
0 0.603125 0.1125 0.609375 0.11875 0.6125 0.128125 0.6125 0.1484375 0.6078125 0.153125 0.5921875 0.1515625 0.5890625 0.140625 0.5953125 0.1171875 0.6015625 0.1125
0 0.071875 0.2203125 0.078125 0.225 0.0796875 0.234375 0.065625 0.246875 0.0578125 0.2421875 0.0578125 0.228125 0.059375 0.2234375 0.0703125 0.2203125
0 0.0609375 0.2828125 0.0671875 0.2890625 0.0703125 0.2984375 0.065625 0.3078125 0.059375 0.3140625 0.053125 0.3109375 0.05 0.2984375 0.0515625 0.2859375 0.05625 0.28125 0.059375 0.2828125
0 0.1984375 0.15859375 0.01953125 0.021875
0 0.509375 0.3140625 0.51875 0.328125 0.5265625 0.35 0.528125 0.375 0.521875 0.38125 0.5109375 0.38125 0.5015625 0.3859375 0.496875 0.3921875 0.49375 0.390625 0.4921875 0.3828125 0.4875 0.375 0.4734375 0.3609375 0.4703125 0.3515625 0.4703125 0.3296875 0.46875 0.328125 0.4703125 0.325 0.475 0.325 0.496875 0.3140625 0.5078125 0.3140625
0 0.1328125 0.1390625 0.14375 0.140625 0.1484375 0.1453125 0.1515625 0.1546875 0.1484375 0.1609375 0.140625 0.1640625 0.1328125 0.1609375 0.13125 0.15625 0.1328125 0.140625
0 0.5828125 0.075 0.5890625 0.084375 0.5890625 0.1015625 0.584375 0.1046875 0.578125 0.1015625 0.5703125 0.1015625 0.56875 0.0984375 0.5703125 0.08125 0.5734375 0.0765625 0.58125 0.075