0 0.15625 0.3515625 0.1609375 0.35625 0.1640625 0.3671875 0.1625 0.375 0.1640625 0.396875 0.140625 0.409375 0.1375 0.40625 0.134375 0.39375 0.1359375 0.359375 0.1453125 0.35 0.1546875 0.3515625
0 0.2609375 0.1671875 0.2796875 0.18125 0.2765625 0.196875 0.26875 0.2015625 0.2640625 0.2 0.259375 0.1890625 0.246875 0.175 0.2515625 0.16875 0.259375 0.1671875
0 0.2078125 0.18125 0.2171875 0.1921875 0.215625 0.2046875 0.209375 0.2109375 0.1953125 0.209375 0.1921875 0.2046875 0.1921875 0.184375 0.1953125 0.18125 0.20625 0.18125
0 0.08125 0.1578125 0.084375 0.165625 0.084375 0.178125 0.0828125 0.1796875 0.0640625 0.178125 0.0609375 0.175 0.0625 0.1625 0.0796875 0.159375
0 0.9984375 0.8390625 0.9984375 0.91875 0.99375 0.91875 0.9859375 0.9078125 0.9859375 0.8796875 0.990625 0.865625 0.9921875 0.8515625 0.996875 0.840625
0 0.0921875 0.315625 0.0953125 0.3171875 0.096875 0.3234375 0.103125 0.3265625 0.10625 0.334375 0.109375 0.321875 0.115625 0.328125 0.11875 0.3375 0.115625 0.3484375 0.1109375 0.35 0.1109375 0.3453125 0.1078125 0.34375 0.1046875 0.3578125 0.1 0.35625 0.09375 0.3484375 0.090625 0.3484375 0.0890625 0.3375 0.0859375 0.3328125 0.0859375 0.325 0.090625 0.3171875
0 0.2765625 0.15 0.2796875 0.15625 0.2765625 0.1734375 0.271875 0.1734375 0.2609375 0.165625 0.2546875 0.1671875 0.25 0.165625 0.25 0.1515625 0.2546875 0.146875 0.26875 0.1453125 0.2734375 0.146875 0.275 0.15
0 0.0984375 0.3046875 0.103125 0.3125 0.1109375 0.3109375 0.1140625 0.3140625 0.1203125 0.328125 0.11875 0.3390625 0.1125 0.3484375 0.1140625 0.334375 0.0984375 0.3234375 0.0953125 0.31875 0.09375 0.3125 0.0984375 0.30625
0 0.165625 0.159375 0.171875 0.1625 0.178125 0.171875 0.1640625 0.1859375 0.1578125 0.1859375 0.1546875 0.18125 0.15625 0.1609375 0.1609375 0.1578125 0.1640625 0.159375
0 0.1203125 0.1671875 0.1234375 0.1734375 0.128125 0.1765625 0.13125 0.1859375 0.1296875 0.1921875 0.125 0.196875 0.11875 0.196875 0.1125 0.1921875 0.1109375 0.1875 0.1109375 0.1765625 0.11875 0.1671875
0 0.0578125 0.28125 0.0703125 0.2921875 0.071875 0.2984375 0.06875 0.3046875 0.0578125 0.3140625 0.053125 0.3109375 0.05 0.290625 0.05625 0.2828125
0 0.2515625 0.1796875 0.2609375 0.1953125 0.2609375 0.20625 0.2578125 0.2109375 0.2515625 0.2125 0.246875 0.2171875 0.24375 0.2171875 0.2421875 0.2140625 0.234375 0.2140625 0.23125 0.2109375 0.2296875 0.1859375 0.2359375 0.1796875 0.24375 0.178125 0.25 0.1796875
0 0.1328125 0.140625 0.146875 0.14375 0.1515625 0.1515625 0.1515625 0.1578125 0.1484375 0.1609375 0.14375 0.1640625 0.1375 0.1640625 0.13125 0.159375 0.13125 0.14375 0.1328125 0.1421875
0 0.29375 0.15 0.309375 0.1640625 0.3125 0.178125 0.3015625 0.1859375 0.2828125 0.1828125 0.2796875 0.1765625 0.2796875 0.1640625 0.28125 0.159375 0.2875 0.153125 0.2921875 0.1515625
0 0.1828125 0.1765625 0.1890625 0.1828125 0.190625 0.196875 0.1734375 0.2046875 0.1671875 0.203125 0.165625 0.184375 0.175 0.175 0.18125 0.1765625
3 0.271875 0.146875 0.278125 0.1546875 0.278125 0.1671875 0.275 0.1734375 0.2703125 0.1734375 0.2671875 0.16875 0.2609375 0.165625 0.2515625 0.1671875 0.25 0.1640625 0.2515625 0.1609375 0.25 0.1546875 0.253125 0.1484375 0.2703125 0.146875