0 0.046875 0.26875 0.05 0.26875 0.0546875 0.275 0.0625 0.275 0.071875 0.2875 0.071875 0.296875 0.0671875 0.30625 0.0625 0.3109375 0.05625 0.3109375 0.053125 0.30625 0.046875 0.2703125
0 0.2453125 0.1984375 0.03671875 0.04140625
0 0.078125 0.290625 0.084375 0.2921875 0.096875 0.3078125 0.0953125 0.315625 0.0859375 0.328125 0.075 0.33125 0.0671875 0.3234375 0.065625 0.3109375 0.078125 0.2921875
0 0.165625 0.3625 0.1703125 0.39375 0.16875 0.3984375 0.1609375 0.4015625 0.1484375 0.4109375 0.14375 0.4109375 0.1421875 0.4 0.134375 0.3859375 0.1328125 0.3609375 0.14375 0.35 0.1546875 0.3484375 0.1640625 0.3625
0 0.1046875 0.3078125 0.1125 0.309375 0.1234375 0.3203125 0.125 0.325 0.125 0.3359375 0.1140625 0.3453125 0.109375 0.3484375 0.1015625 0.3484375 0.096875 0.3453125 0.090625 0.3375 0.0890625 0.328125 0.0921875 0.31875 0.0953125 0.315625 0.1015625 0.315625 0.1046875 0.309375
0 0.2171875 0.2609375 0.221875 0.2640625 0.2234375 0.2734375 0.228125 0.2828125 0.228125 0.290625 0.2234375 0.2953125 0.215625 0.290625 0.2125 0.2828125 0.2046875 0.275 0.1921875 0.2734375 0.2015625 0.2625 0.215625 0.2609375
0 0.990625 0.81875 0.9921875 0.8234375 0.9984375 0.8296875 0.9984375 0.9234375 0.99375 0.9234375 0.9875 0.915625 0.9796875 0.9171875 0.975 0.9140625 0.9671875 0.8984375 0.9640625 0.8859375 0.9671875 0.8625 0.975 0.840625 0.9890625 0.8203125
0 0.1640625 0.1734375 0.171875 0.175 0.178125 0.1875 0.1765625 0.196875 0.165625 0.2015625 0.153125 0.2 0.15 0.1953125 0.1515625 0.175 0.1625 0.1734375
0 0.1109375 0.1765625 0.01328125 0.028125
0 0.096875 0.653125 0.1046875 0.65625 0.1140625 0.65 0.1234375 0.6515625 0.1296875 0.675 0.1328125 0.6984375 0.1296875 0.7046875 0.1203125 0.7125 0.115625 0.7296875 0.1125 0.73125 0.1078125 0.7296875 0.1015625 0.7359375 0.0953125 0.7375 0.090625 0.7453125 0.0703125 0.7640625 0.06875 0.7703125 0.0578125 0.78125 0.046875 0.778125 0.0375 0.765625 0.034375 0.75 0.0359375 0.725 0.046875 0.703125 0.0609375 0.684375 0.0875 0.65625 0.0953125 0.653125
0 0.2203125 0.2640625 0.2203125 0.26875 0.2265625 0.28125 0.2265625 0.2921875 0.225 0.296875 0.2109375 0.3109375 0.20625 0.3109375 0.1984375 0.30625 0.1859375 0.3078125 0.18125 0.303125 0.1796875 0.2890625 0.203125 0.2625 0.21875 0.2640625
0 0.2765625 0.1515625 0.284375 0.159375 0.2890625 0.1703125 0.2890625 0.1765625 0.2828125 0.1859375 0.278125 0.1859375 0.2734375 0.1765625 0.259375 0.1625 0.2609375 0.153125 0.265625 0.15 0.275 0.1515625
0 0.9953125 0.9453125 0.9984375 0.9484375 0.9984375 0.9984375 0.971875 0.9984375 0.9734375 0.9890625 0.9765625 0.9859375 0.9828125 0.965625 0.990625 0.95625 0.99375 0.946875
0 0.2421875 0.1546875 0.2484375 0.1625 0.25 0.16875 0.2484375 0.1734375 0.2390625 0.1765625 0.23125 0.1765625 0.2234375 0.1734375 0.2203125 0.16875 0.2203125 0.1625 0.225 0.15625 0.23125 0.153125 0.240625 0.1546875
0 0.2578125 0.1609375 0.271875 0.175 0.2765625 0.1859375 0.275 0.1953125 0.26875 0.2 0.2640625 0.2 0.2609375 0.196875 0.2609375 0.1921875 0.25 0.175 0.2515625 0.165625 0.253125 0.1625 0.25625 0.1625
1 0.9109375 0.8171875 0.9140625 0.8203125 0.925 0.8171875 0.925 0.821875 0.928125 0.8265625 0.94375 0.8421875 0.9421875 0.859375 0.9328125 0.878125 0.9328125 0.8859375 0.9296875 0.89375 0.921875 0.896875 0.9171875 0.8875 0.909375 0.88125 0.90625 0.88125 0.9015625 0.8859375 0.896875 0.8859375 0.89375 0.8703125 0.884375 0.8546875 0.884375 0.8421875 0.8890625 0.828125 0.896875 0.8203125 0.909375 0.81875
2 0.2078125 0.1578125 0.2109375 0.1625 0.2109375 0.1859375 0.20625 0.1890625 0.2046875 0.1984375 0.1890625 0.2 0.1796875 0.1921875 0.178125 0.1640625 0.19375 0.15625 0.20625 0.1578125
2 0.1375 0.1515625 0.1453125 0.165625 0.146875 0.1765625 0.146875 0.1875 0.1375 0.19375 0.13125 0.19375 0.13125 0.1765625 0.1296875 0.175 0.128125 0.1765625 0.128125 0.1921875 0.1234375 0.1921875 0.1140625 0.184375 0.1140625 0.175 0.109375 0.1734375 0.109375 0.1640625 0.115625 0.15625 0.121875 0.153125 0.1265625 0.1546875 0.13125 0.1515625 0.1359375 0.1515625