0 0.6125 0.115625 0.6140625 0.1015625 0.621875 0.0875 0.6265625 0.0875 0.628125 0.090625 0.6296875 0.1125 0.6265625 0.121875 0.6140625 0.115625
0 0.5984375 0.0625 0.6015625 0.0671875 0.603125 0.0796875 0.596875 0.0890625 0.5859375 0.0890625 0.584375 0.0859375 0.584375 0.0703125 0.5890625 0.065625 0.596875 0.0625
0 0.140625 0.1390625 0.1484375 0.1453125 0.1515625 0.1515625 0.1515625 0.1578125 0.14375 0.1640625 0.1375 0.1640625 0.13125 0.159375 0.1296875 0.1546875 0.13125 0.1390625 0.1328125 0.1375 0.1390625 0.1390625
0 0.740625 0.534375 0.7421875 0.5359375 0.771875 0.534375 0.7796875 0.5375 0.8 0.5515625 0.8078125 0.5640625 0.809375 0.5796875 0.8125 0.5859375 0.809375 0.621875 0.8015625 0.640625 0.796875 0.64375 0.7875 0.64375 0.784375 0.646875 0.778125 0.646875 0.771875 0.634375 0.7609375 0.6234375 0.7578125 0.6234375 0.7328125 0.603125 0.7203125 0.6015625 0.715625 0.5984375 0.709375 0.5875 0.7109375 0.5578125 0.7171875 0.54375 0.7265625 0.534375 0.7328125 0.5328125 0.7390625 0.534375
0 0.2015625 0.146875 0.20625 0.1515625 0.2078125 0.1578125 0.20625 0.1625 0.1984375 0.1671875 0.1921875 0.1671875 0.190625 0.153125 0.1921875 0.15 0.2 0.146875
0 0.1546875 0.35 0.1578125 0.3515625 0.1625 0.3625 0.1625 0.3765625 0.165625 0.390625 0.1625 0.3984375 0.1421875 0.409375 0.1375 0.40625 0.134375 0.39375 0.1359375 0.3828125 0.134375 0.3625 0.1421875 0.3515625 0.153125 0.35
0 0.0984375 0.3078125 0.1015625 0.3125 0.1046875 0.3109375 0.1125 0.3125 0.11875 0.321875 0.1203125 0.3359375 0.1171875 0.3484375 0.1125 0.3515625 0.109375 0.3484375 0.10625 0.3359375 0.103125 0.3421875 0.1046875 0.3515625 0.1015625 0.3546875 0.0890625 0.3453125 0.0875 0.3234375 0.0921875 0.3125 0.096875 0.309375
0 0.603125 0.1125 0.6078125 0.115625 0.6125 0.13125 0.6125 0.15 0.6078125 0.1546875 0.5921875 0.1515625 0.5890625 0.1421875 0.5890625 0.134375 0.59375 0.1265625 0.5953125 0.1171875 0.6015625 0.1125
0 0.0796875 0.240625 0.02578125 0.034375
0 0.05625 0.315625 0.0515625 0.3078125 0.0515625 0.2875 0.05625 0.2828125 0.0609375 0.2828125 0.0703125 0.29375 0.0703125 0.303125 0.0578125 0.3140625
0 0.403125 0.75 0.41875 0.7625 0.4296875 0.7671875 0.434375 0.7828125 0.440625 0.7890625 0.4578125 0.8234375 0.46875 0.8390625 0.4765625 0.8546875 0.48125 0.8703125 0.490625 0.8859375 0.490625 0.9109375 0.4921875 0.9125 0.490625 0.9359375 0.475 0.9484375 0.465625 0.9609375 0.45625 0.965625 0.4453125 0.978125 0.440625 0.978125 0.4328125 0.9703125 0.41875 0.9484375 0.4171875 0.9390625 0.36875 0.84375 0.359375 0.8171875 0.3578125 0.7890625 0.3625 0.775 0.371875 0.7625 0.375 0.7625 0.3859375 0.753125 0.39375 0.75 0.4015625 0.75
0 0.490625 0.1546875 0.496875 0.159375 0.5 0.171875 0.4984375 0.1765625 0.4875 0.1828125 0.48125 0.190625 0.4671875 0.190625 0.4625 0.1875 0.4625 0.16875 0.4640625 0.1625 0.46875 0.1578125 0.4796875 0.153125 0.4890625 0.1546875
0 0.1609375 0.2546875 0.1671875 0.25625 0.175 0.2640625 0.178125 0.2734375 0.1765625 0.278125 0.178125 0.2828125 0.175 0.2859375 0.171875 0.2828125 0.1640625 0.2859375 0.1609375 0.296875 0.1546875 0.296875 0.146875 0.2921875 0.1453125 0.2875 0.146875 0.2703125 0.1546875 0.259375 0.159375 0.25625
2 0.0328125 0.209375 0.0390625 0.215625 0.040625 0.2296875 0.0390625 0.2453125 0.028125 0.253125 0.025 0.253125 0.0203125 0.246875 0.01875 0.2203125 0.0234375 0.2125 0.03125 0.2109375
2 0.1109375 0.2 0.1265625 0.1921875 0.1296875 0.1953125 0.1328125 0.2203125 0.1328125 0.228125 0.1265625 0.2359375 0.11875 0.2390625 0.1078125 0.2359375 0.10625 0.2171875 0.1109375 0.2109375 0.109375 0.2078125 0.1109375 0.2015625