0 0.0984375 0.30625 0.1015625 0.3125 0.1078125 0.3109375 0.1125 0.3125 0.11875 0.3234375 0.1203125 0.3390625 0.1171875 0.346875 0.1125 0.35 0.10625 0.3375 0.103125 0.34375 0.1046875 0.3484375 0.103125 0.353125 0.0921875 0.3484375 0.0859375 0.325 0.0890625 0.31875 0.0875 0.3125 0.096875 0.3078125
0 0.234375 0.190625 0.02734375 0.040625
0 0.2609375 0.184375 0.03359375 0.040625
0 0.984375 0.8203125 0.9953125 0.8296875 0.9984375 0.8359375 0.9984375 0.9265625 0.990625 0.9234375 0.9796875 0.9140625 0.9734375 0.9171875 0.96875 0.915625 0.9640625 0.909375 0.9578125 0.8859375 0.959375 0.8625 0.965625 0.8453125 0.9734375 0.83125 0.9828125 0.821875
0 0.1796875 0.1890625 0.1890625 0.190625 0.1953125 0.2 0.196875 0.215625 0.1875 0.221875 0.1765625 0.221875 0.171875 0.2171875 0.1703125 0.2 0.171875 0.1953125 0.178125 0.190625
0 0.1328125 0.1375 0.1390625 0.1421875 0.146875 0.14375 0.15 0.1484375 0.1484375 0.1578125 0.140625 0.1640625 0.134375 0.159375 0.13125 0.153125 0.1328125 0.1390625
0 0.1984375 0.2 0.209375 0.1921875 0.2140625 0.1921875 0.2203125 0.2 0.2265625 0.203125 0.2296875 0.209375 0.228125 0.225 0.2140625 0.23125 0.209375 0.2265625 0.203125 0.2265625 0.1984375 0.2171875 0.1984375 0.2015625
0 0.05 0.165625 0.0140625 0.01796875
0 0.959375 0.70625 0.965625 0.7125 0.9734375 0.7125 0.98125 0.7078125 0.990625 0.7078125 0.9984375 0.7125 0.9984375 0.79375 0.975 0.7828125 0.9640625 0.7734375 0.9578125 0.7734375 0.9546875 0.7765625 0.9546875 0.784375 0.95 0.7875 0.9421875 0.7859375 0.9390625 0.78125 0.9328125 0.759375 0.934375 0.740625 0.9375 0.728125 0.9453125 0.7125 0.9546875 0.7046875 0.9578125 0.70625
0 0.1921875 0.1625 0.196875 0.175 0.196875 0.1859375 0.1890625 0.1921875 0.1859375 0.1890625 0.1828125 0.190625 0.1765625 0.1890625 0.1734375 0.171875 0.175 0.1640625 0.18125 0.1578125 0.1859375 0.1578125 0.190625 0.1625
0 0.1546875 0.35 0.159375 0.353125 0.1640625 0.365625 0.1640625 0.396875 0.140625 0.409375 0.1375 0.40625 0.134375 0.3921875 0.1359375 0.3859375 0.134375 0.359375 0.1421875 0.3515625 0.153125 0.35
0 0.06171875 0.2984375 0.021875 0.03359375
0 0.1609375 0.1515625 0.16875 0.15625 0.171875 0.1640625 0.171875 0.1765625 0.1671875 0.18125 0.1640625 0.18125 0.15625 0.1671875 0.1484375 0.1609375 0.1484375 0.1578125 0.153125 0.153125 0.159375 0.153125
0 0.2890625 0.15 0.303125 0.1640625 0.3046875 0.16875 0.303125 0.18125 0.2953125 0.1859375 0.2875 0.1859375 0.2796875 0.18125 0.271875 0.1609375 0.2734375 0.153125 0.2765625 0.15 0.2875 0.15
3 0.1609375 0.1515625 0.1671875 0.1546875 0.171875 0.1640625 0.1703125 0.1765625 0.1640625 0.1796875 0.1578125 0.1671875 0.1484375 0.1609375 0.1515625 0.1546875 0.159375 0.153125