0 0.5921875 0.0890625 0.6 0.0921875 0.6 0.1109375 0.59375 0.121875 0.584375 0.1234375 0.5796875 0.115625 0.58125 0.1015625 0.5859375 0.0921875 0.590625 0.090625
0 0.553125 0.2125 0.56875 0.2125 0.578125 0.221875 0.58125 0.2265625 0.5828125 0.2390625 0.590625 0.2515625 0.590625 0.2703125 0.5875 0.275 0.584375 0.2765625 0.5734375 0.275 0.56875 0.278125 0.5640625 0.2765625 0.559375 0.2625 0.5546875 0.259375 0.55 0.2609375 0.55 0.2515625 0.546875 0.24375 0.546875 0.2296875 0.55 0.2171875 0.553125 0.2140625
0 0.171875 0.165625 0.178125 0.1765625 0.1796875 0.184375 0.175 0.19375 0.16875 0.1859375 0.1640625 0.1859375 0.159375 0.1828125 0.159375 0.1734375 0.165625 0.1671875 0.1703125 0.165625
0 0.14375 0.35 0.15625 0.3515625 0.1609375 0.35625 0.1640625 0.3640625 0.1640625 0.396875 0.1453125 0.4046875 0.140625 0.409375 0.1359375 0.4 0.134375 0.3875 0.1359375 0.3859375 0.1359375 0.3609375 0.14375 0.3515625
0 0.1390625 0.1546875 0.1453125 0.1703125 0.1453125 0.1765625 0.1390625 0.1828125 0.1328125 0.18125 0.1296875 0.1703125 0.13125 0.159375 0.1375 0.1546875
0 0.121875 0.15 0.1296875 0.1578125 0.128125 0.175 0.1234375 0.1765625 0.11875 0.175 0.1171875 0.1734375 0.1171875 0.1578125 0.121875 0.1515625
0 0.0984375 0.3078125 0.103125 0.3140625 0.1046875 0.3109375 0.1125 0.3125 0.1171875 0.3203125 0.1203125 0.3328125 0.1171875 0.346875 0.1125 0.35 0.1078125 0.3484375 0.103125 0.35625 0.1 0.3546875 0.0984375 0.35 0.0921875 0.3453125 0.0921875 0.3296875 0.090625 0.328125 0.0984375 0.309375
0 0.2125 0.1921875 0.2203125 0.2 0.225 0.2015625 0.2296875 0.2078125 0.2296875 0.2234375 0.2171875 0.2234375 0.2140625 0.2265625 0.203125 0.225 0.1984375 0.21875 0.1984375 0.203125 0.203125 0.196875 0.2109375 0.1921875
0 0.0609375 0.2828125 0.0703125 0.2921875 0.0703125 0.3015625 0.059375 0.3140625 0.053125 0.3109375 0.05 0.2984375 0.0515625 0.2859375 0.0546875 0.2828125 0.059375 0.2828125
0 0.5640625 0.1515625 0.5734375 0.15625 0.5765625 0.165625 0.5765625 0.1828125 0.5734375 0.1890625 0.56875 0.1921875 0.5640625 0.203125 0.5578125 0.2015625 0.5453125 0.203125 0.54375 0.2 0.54375 0.18125 0.5546875 0.15625 0.5625 0.1515625
0 0.1671875 0.1390625 0.1734375 0.1484375 0.171875 0.1546875 0.1578125 0.1484375 0.159375 0.140625 0.165625 0.1390625
0 0.54375 0.1609375 0.540625 0.1546875 0.540625 0.1453125 0.5546875 0.1265625 0.56875 0.1265625 0.571875 0.1296875 0.5734375 0.1328125 0.571875 0.1484375 0.5703125 0.15 0.5625 0.1484375 0.55625 0.1515625 0.55 0.1609375 0.5453125 0.1609375
0 0.16875 0.1875 0.171875 0.1921875 0.1734375 0.20625 0.171875 0.2109375 0.165625 0.2125 0.15 0.2125 0.146875 0.2046875 0.146875 0.196875 0.15 0.1875 0.1546875 0.1859375 0.1671875 0.1875
0 0.6046875 0.13203125 0.02578125 0.04140625