0 0.709375 0.31875 0.728125 0.334375 0.734375 0.3359375 0.734375 0.35625 0.7328125 0.365625 0.721875 0.3734375 0.715625 0.375 0.7078125 0.3859375 0.7046875 0.3859375 0.690625 0.3734375 0.6828125 0.3703125 0.6796875 0.365625 0.68125 0.34375 0.690625 0.325 0.7015625 0.3171875 0.7078125 0.31875
0 0.3734375 0.2625 0.3859375 0.2875 0.3875 0.2953125 0.3859375 0.309375 0.378125 0.3171875 0.371875 0.3171875 0.34375 0.328125 0.3375 0.3359375 0.3265625 0.3359375 0.3203125 0.33125 0.315625 0.31875 0.3171875 0.3 0.33125 0.2859375 0.3359375 0.275 0.35 0.2625 0.359375 0.2609375 0.371875 0.2625
0 0.0203125 0.86328125 0.04140625 0.09296875
0 0.8375 0.3140625 0.8390625 0.315625 0.8375 0.33125 0.8296875 0.346875 0.8234375 0.3546875 0.8203125 0.3546875 0.8078125 0.3484375 0.8 0.340625 0.7953125 0.3296875 0.7984375 0.31875 0.8046875 0.3140625 0.809375 0.30625 0.8171875 0.3 0.825 0.3 0.8328125 0.3109375 0.83125 0.3234375 0.834375 0.3265625 0.8359375 0.325 0.8359375 0.315625
0 0.7609375 0.259375 0.765625 0.2625 0.771875 0.2625 0.7734375 0.2671875 0.78125 0.275 0.7828125 0.28125 0.7796875 0.29375 0.76875 0.296875 0.7640625 0.303125 0.7578125 0.3 0.7453125 0.2984375 0.7375 0.2859375 0.7375 0.275 0.74375 0.265625 0.746875 0.2625 0.759375 0.259375
0 0.9203125 0.2875 0.9234375 0.2890625 0.925 0.3078125 0.91875 0.321875 0.9125 0.3234375 0.90625 0.315625 0.90625 0.3046875 0.91875 0.2890625
0 0.9 0.30625 0.9125 0.325 0.9078125 0.3484375 0.896875 0.35 0.89375 0.3296875 0.890625 0.3328125 0.8890625 0.35 0.8828125 0.3484375 0.8796875 0.340625 0.8796875 0.325 0.8828125 0.3171875 0.8890625 0.3109375 0.8953125 0.3140625 0.9 0.3078125
0 0.878125 0.234375 0.8828125 0.2375 0.890625 0.2515625 0.8875 0.2671875 0.878125 0.271875 0.871875 0.2703125 0.8640625 0.259375 0.8640625 0.24375 0.86875 0.2375 0.8765625 0.234375
0 0.94375 0.2828125 0.9484375 0.2921875 0.9484375 0.2984375 0.946875 0.3078125 0.9421875 0.3140625 0.9390625 0.3140625 0.928125 0.303125 0.9265625 0.2984375 0.928125 0.2921875 0.9375 0.2828125 0.9421875 0.2828125
0 0.596875 0.290625 0.6125 0.3015625 0.6109375 0.3234375 0.609375 0.328125 0.5921875 0.34375 0.5875 0.353125 0.5765625 0.3515625 0.5609375 0.34375 0.559375 0.315625 0.5640625 0.3078125 0.565625 0.3 0.575 0.2875 0.5875 0.2859375 0.5953125 0.290625
0 0.865625 0.1390625 0.8671875 0.140625 0.8671875 0.1578125 0.8578125 0.165625 0.846875 0.1578125 0.846875 0.1515625 0.8546875 0.140625 0.8640625 0.1390625
0 0.625 0.190625 0.628125 0.1921875 0.6328125 0.2015625 0.634375 0.221875 0.6265625 0.2296875 0.615625 0.2296875 0.60625 0.2359375 0.5953125 0.23125 0.590625 0.2328125 0.5875 0.23125 0.5859375 0.209375 0.5875 0.20625 0.596875 0.2015625 0.603125 0.1890625 0.6140625 0.1875 0.6234375 0.190625
0 0.4 0.1125 0.40625 0.1203125 0.4046875 0.121875 0.40625 0.1265625 0.4140625 0.1359375 0.4140625 0.1484375 0.4109375 0.1484375 0.403125 0.1546875 0.3953125 0.1546875 0.3875 0.15 0.3875 0.140625 0.384375 0.1328125 0.3859375 0.11875 0.390625 0.1140625 0.3984375 0.1125
0 0.3921875 0.0640625 0.4 0.0625 0.40625 0.065625 0.409375 0.0703125 0.409375 0.0828125 0.396875 0.0859375 0.3890625 0.08125 0.3875 0.075 0.3921875 0.065625
0 0.85 0.37890625 0.03125 0.0609375
2 0.46875 0.1046875 0.4765625 0.1078125 0.490625 0.1078125 0.49375 0.1109375 0.49375 0.140625 0.4921875 0.1484375 0.4859375 0.153125 0.4765625 0.153125 0.4671875 0.1484375 0.4625 0.1484375 0.4578125 0.14375 0.45625 0.11875 0.4578125 0.1125 0.4671875 0.1046875
2 0.3984375 0.5125 0.40625 0.5265625 0.4109375 0.5453125 0.4125 0.55625 0.4109375 0.590625 0.4 0.6046875 0.39375 0.609375 0.3828125 0.6109375 0.3734375 0.621875 0.3515625 0.634375 0.340625 0.6546875 0.3375 0.6546875 0.3328125 0.65 0.3265625 0.653125 0.31875 0.646875 0.3140625 0.6484375 0.3078125 0.646875 0.2921875 0.6078125 0.2890625 0.590625 0.30625 0.575 0.309375 0.575 0.3171875 0.56875 0.3234375 0.55625 0.340625 0.540625 0.3515625 0.525 0.35625 0.5234375 0.3640625 0.5109375 0.378125 0.503125 0.3875 0.5015625 0.396875 0.5125
2 0.41875 0.0875 0.4265625 0.10625 0.428125 0.1296875 0.415625 0.1328125 0.4140625 0.1359375 0.409375 0.13125 0.4046875 0.1171875 0.396875 0.109375 0.396875 0.0890625 0.4015625 0.0859375 0.4171875 0.0875