0 0.021875 0.209375 0.0265625 0.2125 0.0265625 0.2234375 0.025 0.2265625 0.01875 0.2296875 0.0140625 0.2296875 0.0109375 0.2234375 0.0109375 0.215625 0.015625 0.209375 0.0203125 0.209375
0 0.4109375 0.2328125 0.4171875 0.2359375 0.41875 0.2609375 0.4109375 0.2734375 0.4078125 0.2859375 0.396875 0.28125 0.3828125 0.2828125 0.38125 0.28125 0.38125 0.259375 0.3859375 0.240625 0.390625 0.234375 0.396875 0.23125 0.409375 0.2328125
0 0.05 0.2671875 0.05625 0.2765625 0.05625 0.2828125 0.046875 0.2875 0.04375 0.2921875 0.040625 0.290625 0.0375 0.2796875 0.040625 0.275 0.0453125 0.275 0.0484375 0.26875
0 0.0828125 0.3046875 0.0203125 0.0375
0 0.1328125 0.140625 0.14375 0.140625 0.15 0.1484375 0.15 0.159375 0.140625 0.165625 0.1328125 0.1609375 0.13125 0.1546875 0.1328125 0.1421875
0 0.2125 0.34375 0.04609375 0.059375
0 0.796875 0.6875 0.809375 0.7 0.821875 0.6984375 0.8265625 0.6953125 0.8359375 0.6953125 0.8640625 0.7125 0.8765625 0.725 0.8796875 0.7328125 0.8796875 0.7484375 0.884375 0.76875 0.8765625 0.809375 0.871875 0.821875 0.865625 0.8265625 0.8578125 0.8234375 0.853125 0.83125 0.8484375 0.8328125 0.840625 0.8234375 0.840625 0.81875 0.834375 0.8109375 0.8296875 0.8109375 0.8171875 0.7984375 0.8140625 0.7984375 0.8 0.7859375 0.796875 0.7859375 0.7921875 0.7796875 0.7890625 0.778125 0.7796875 0.78125 0.771875 0.771875 0.765625 0.753125 0.765625 0.7390625 0.76875 0.7265625 0.78125 0.7 0.7953125 0.6890625
0 0.2046875 0.15 0.20625 0.1625 0.196875 0.16875 0.1921875 0.16875 0.1890625 0.165625 0.1890625 0.1546875 0.1921875 0.15 0.1984375 0.146875 0.203125 0.15
0 0.925 0.459375 0.9296875 0.4625 0.9453125 0.459375 0.959375 0.4640625 0.9625 0.4671875 0.965625 0.478125 0.9828125 0.496875 0.990625 0.51875 0.990625 0.5390625 0.9890625 0.54375 0.9765625 0.553125 0.9703125 0.546875 0.9625 0.5453125 0.940625 0.5234375 0.93125 0.5234375 0.91875 0.5078125 0.9171875 0.475 0.9203125 0.4609375 0.9234375 0.459375
0 0.1609375 0.3546875 0.1640625 0.3625 0.165625 0.3953125 0.1640625 0.3984375 0.1421875 0.409375 0.1390625 0.409375 0.1375 0.40625 0.134375 0.3921875 0.1359375 0.384375 0.134375 0.3625 0.14375 0.35 0.1515625 0.35 0.159375 0.3546875
0 0.0984375 0.3078125 0.1015625 0.3125 0.1046875 0.3109375 0.1125 0.3125 0.11875 0.3234375 0.1203125 0.3359375 0.1140625 0.346875 0.1125 0.3484375 0.109375 0.3453125 0.109375 0.3390625 0.10625 0.3359375 0.103125 0.353125 0.090625 0.346875 0.0875 0.328125 0.096875 0.309375
0 0.26875 0.2875 0.2796875 0.3015625 0.28125 0.3234375 0.2796875 0.328125 0.2734375 0.3328125 0.2734375 0.3359375 0.26875 0.340625 0.2609375 0.34375 0.253125 0.3359375 0.240625 0.3296875 0.2375 0.325 0.2375 0.309375 0.2546875 0.2875 0.2578125 0.2859375 0.2671875 0.2875
0 0.5953125 0.059375 0.6015625 0.0625 0.60625 0.0703125 0.6046875 0.0828125 0.6 0.0859375 0.5875 0.0859375 0.5875 0.06875 0.590625 0.0625 0.59375 0.0609375
0 0.0984375 0.26875 0.1015625 0.2609375 0.1125 0.2578125 0.1171875 0.2625 0.1203125 0.2703125 0.1203125 0.2796875 0.115625 0.2890625 0.1109375 0.29375 0.1046875 0.29375 0.103125 0.284375 0.0984375 0.2796875 0.1 0.2703125
0 0.603125 0.1125 0.6109375 0.1203125 0.6125 0.1265625 0.6125 0.1484375 0.6078125 0.153125 0.596875 0.153125 0.590625 0.1484375 0.5890625 0.14375 0.5890625 0.134375 0.5921875 0.1296875 0.5921875 0.125 0.5953125 0.1171875 0.6015625 0.1125
0 0.0546875 0.225 0.0640625 0.225 0.0671875 0.2328125 0.065625 0.2453125 0.0625 0.2484375 0.0546875 0.2484375 0.053125 0.246875 0.053125 0.228125 0.0546875 0.2265625
0 0.0609375 0.2984375 0.02265625 0.03359375
0 0.0765625 0.153125 0.08125 0.1609375 0.08125 0.1703125 0.0796875 0.1734375 0.075 0.175 0.0703125 0.175 0.0671875 0.16875 0.0671875 0.15625 0.0703125 0.153125 0.075 0.153125
0 0.4734375 0.3328125 0.478125 0.3375 0.48125 0.3375 0.49375 0.353125 0.5015625 0.3734375 0.5015625 0.3921875 0.496875 0.3984375 0.4765625 0.4046875 0.4703125 0.409375 0.4671875 0.4078125 0.465625 0.4 0.45625 0.390625 0.44375 0.3859375 0.434375 0.378125 0.43125 0.36875 0.43125 0.3546875 0.4328125 0.35 0.4453125 0.340625 0.4640625 0.3328125 0.471875 0.3328125
0 0.5125 0.953125 0.51875 0.9546875 0.5390625 0.975 0.5421875 0.975 0.546875 0.9796875 0.553125 0.978125 0.559375 0.9984375 0.46875 0.9984375 0.4703125 0.990625 0.4796875 0.975 0.4984375 0.9578125 0.5046875 0.9546875 0.5109375 0.9546875
0 0.6203125 0.0875 0.628125 0.0890625 0.628125 0.0984375 0.63125 0.1015625 0.6265625 0.1234375 0.6109375 0.1140625 0.615625 0.096875 0.6203125 0.0890625
0 0.14375 0.2375 0.1578125 0.2390625 0.1640625 0.2484375 0.1640625 0.2578125 0.1578125 0.2734375 0.140625 0.275 0.1359375 0.271875 0.134375 0.259375 0.1359375 0.2515625 0.1421875 0.2453125 0.14375 0.2390625
0 0.178125 0.628125 0.1828125 0.63125 0.1859375 0.6484375 0.1859375 0.6578125 0.1796875 0.6640625 0.1796875 0.671875 0.175 0.678125 0.1796875 0.6859375 0.18125 0.6984375 0.1734375 0.6921875 0.16875 0.6953125 0.16875 0.703125 0.178125 0.7265625 0.16875 0.7265625 0.165625 0.7203125 0.1625 0.70625 0.1640625 0.6953125 0.1671875 0.690625 0.165625 0.6859375 0.1515625 0.6875 0.153125 0.73125 0.1484375 0.734375 0.1359375 0.7359375 0.128125 0.7421875 0.121875 0.7421875 0.115625 0.7359375 0.1125 0.7296875 0.1078125 0.7046875 0.1125 0.6796875 0.121875 0.6640625 0.1328125 0.6625 0.1484375 0.6375 0.1765625 0.6296875
3 0.1515625 0.2765625 0.15625 0.278125 0.1625 0.2875 0.1609375 0.3171875 0.153125 0.3234375 0.1484375 0.3234375 0.1390625 0.31875 0.1359375 0.3140625 0.1375 0.2875 0.14375 0.278125 0.15 0.2765625
3 0.3625 0.33125 0.39375 0.3515625 0.4 0.3625 0.4 0.371875 0.4046875 0.3875 0.403125 0.3921875 0.4046875 0.4046875 0.4015625 0.4109375 0.38125 0.4265625 0.365625 0.425 0.3625 0.421875 0.3578125 0.39375 0.3578125 0.3765625 0.353125 0.365625 0.334375 0.3515625 0.334375 0.3484375 0.3453125 0.3375 0.35625 0.33125 0.3609375 0.33125
2 0.31875 0.34375 0.3265625 0.35 0.33125 0.35 0.3375 0.3578125 0.346875 0.3625 0.3546875 0.3734375 0.3578125 0.41875 0.3609375 0.43125 0.3609375 0.4609375 0.3484375 0.4734375 0.328125 0.4875 0.30625 0.471875 0.2953125 0.4484375 0.2828125 0.440625 0.275 0.440625 0.271875 0.4375 0.2640625 0.4203125 0.2609375 0.3984375 0.2609375 0.3765625 0.275 0.35 0.29375 0.3375 0.3109375 0.3375 0.3171875 0.34375