0 0.0390625 0.1671875 0.04375 0.1671875 0.0515625 0.175 0.0515625 0.1796875 0.046875 0.1859375 0.0390625 0.1875 0.0328125 0.1828125 0.0328125 0.178125 0.0390625 0.16875
0 0.975 0.978125 0.9890625 0.9875 0.9921875 0.9875 0.9984375 0.9953125 0.9984375 0.9984375 0.9546875 0.9984375 0.95625 0.990625 0.9609375 0.9828125 0.965625 0.978125 0.9734375 0.978125
0 0.190625 0.18125 0.1921875 0.2078125 0.1828125 0.20625 0.1796875 0.2015625 0.1796875 0.1859375 0.184375 0.18125 0.1890625 0.18125
0 0.096875 0.15625 0.103125 0.1640625 0.103125 0.1734375 0.0953125 0.178125 0.090625 0.1765625 0.0890625 0.1609375 0.0921875 0.1546875 0.0953125 0.15625
0 0.05 0.1625 0.0546875 0.1703125 0.0546875 0.1765625 0.0515625 0.1796875 0.0421875 0.1703125 0.0421875 0.1640625 0.0484375 0.1625
0 0.2453125 0.2171875 0.240625 0.19375 0.24375 0.1875 0.2546875 0.1875 0.259375 0.196875 0.259375 0.209375 0.2546875 0.2140625 0.246875 0.2171875
0 0.171875 0.1546875 0.184375 0.1640625 0.184375 0.1765625 0.175 0.1859375 0.1671875 0.1859375 0.1640625 0.1828125 0.1609375 0.171875 0.1625 0.1609375 0.1703125 0.1546875
0 0.1515625 0.1703125 0.02109375 0.02890625
0 0.14375 0.35 0.1578125 0.3515625 0.1625 0.359375 0.1640625 0.3671875 0.1625 0.3984375 0.140625 0.4078125 0.1359375 0.4 0.134375 0.3875 0.1359375 0.3859375 0.1359375 0.359375 0.14375 0.3515625
0 0.0984375 0.3046875 0.103125 0.321875 0.10625 0.31875 0.10625 0.3125 0.109375 0.3109375 0.1140625 0.3140625 0.11875 0.3234375 0.11875 0.3296875 0.115625 0.3359375 0.109375 0.334375 0.1046875 0.3265625 0.0984375 0.3234375 0.0953125 0.31875 0.09375 0.3125 0.0984375 0.30625
0 0.0609375 0.2984375 0.02109375 0.03359375
0 0.209375 0.146875 0.2140625 0.1484375 0.21875 0.1453125 0.2234375 0.1453125 0.228125 0.15 0.2328125 0.1578125 0.2296875 0.16875 0.2265625 0.1703125 0.2125 0.1671875 0.20625 0.16875 0.203125 0.1625 0.203125 0.1546875 0.2046875 0.15 0.2078125 0.1484375
0 0.29375 0.15 0.3203125 0.15 0.321875 0.15625 0.33125 0.1640625 0.3328125 0.171875 0.3234375 0.1828125 0.315625 0.1859375 0.3125 0.1859375 0.3078125 0.18125 0.296875 0.1828125 0.2921875 0.178125 0.290625 0.165625 0.2921875 0.1625 0.290625 0.1578125 0.29375 0.1515625
0 0.090625 0.3203125 0.0953125 0.3203125 0.1 0.325 0.10625 0.3375 0.109375 0.3328125 0.109375 0.3265625 0.1140625 0.3265625 0.11875 0.3375 0.1171875 0.346875 0.1125 0.35 0.1078125 0.3421875 0.10625 0.35625 0.1 0.35625 0.090625 0.346875 0.0890625 0.3421875 0.0859375 0.325 0.090625 0.321875
1 0.2765625 0.175 0.28125 0.1796875 0.284375 0.190625 0.2828125 0.1984375 0.2765625 0.2 0.2734375 0.1984375 0.2703125 0.1890625 0.2703125 0.1796875 0.275 0.175
2 0.2109375 0.175 0.2140625 0.18125 0.2171875 0.178125 0.2265625 0.178125 0.2375 0.190625 0.2421875 0.2 0.24375 0.2203125 0.2296875 0.23125 0.225 0.23125 0.2171875 0.2234375 0.203125 0.2234375 0.196875 0.2203125 0.19375 0.215625 0.1921875 0.1796875 0.1984375 0.175 0.209375 0.175