0 0.759375 0.18125 0.76875 0.1875 0.7703125 0.1984375 0.7671875 0.209375 0.7625 0.2140625 0.7546875 0.2171875 0.746875 0.2171875 0.7390625 0.2109375 0.7375 0.2015625 0.7453125 0.1859375 0.7515625 0.1796875 0.7578125 0.18125
0 0.8515625 0.3484375 0.859375 0.353125 0.865625 0.3625 0.8640625 0.3859375 0.85625 0.4015625 0.8546875 0.4109375 0.85 0.4109375 0.8375 0.4015625 0.8296875 0.3984375 0.8296875 0.3796875 0.8328125 0.3625 0.8390625 0.3578125 0.8421875 0.35 0.85 0.3484375
0 0 0.9984375 0 0.9484375 0.0015625 0.946875 0.00625 0.95 0.0078125 0.95625 0.015625 0.965625 0.01875 0.9796875 0.0265625 0.9953125 0.0265625 0.9984375 0.0015625 0.9984375
0 0.8265625 0.175 0.846875 0.175 0.8484375 0.18125 0.8484375 0.196875 0.840625 0.2015625 0.8328125 0.2015625 0.8234375 0.1984375 0.8203125 0.1921875 0.821875 0.18125 0.8265625 0.1765625
0 0.9203125 0.2921875 0.9234375 0.296875 0.925 0.309375 0.93125 0.3109375 0.9296875 0.3234375 0.9203125 0.3296875 0.9078125 0.3234375 0.9015625 0.3125 0.9015625 0.30625 0.9109375 0.2984375 0.9140625 0.2921875 0.91875 0.2921875
0 0.0078125 0.81875 0.0171875 0.8296875 0.025 0.84375 0.034375 0.88125 0.0328125 0.89375 0.0234375 0.9140625 0.01875 0.9171875 0.0109375 0.915625 0.0046875 0.9234375 0 0.9234375 0 0.8296875 0.0078125 0.8203125
0 0.88125 0.3125 0.8890625 0.3078125 0.89375 0.3078125 0.8953125 0.3140625 0.9046875 0.3171875 0.909375 0.3265625 0.90625 0.340625 0.8953125 0.3484375 0.8890625 0.3484375 0.8734375 0.3359375 0.875 0.3203125 0.88125 0.3140625
0 0.93828125 0.29296875 0.0234375 0.0390625
0 0.7375 0.153125 0.7390625 0.1625 0.725 0.1765625 0.721875 0.1859375 0.715625 0.1859375 0.7125 0.1828125 0.709375 0.1765625 0.7109375 0.1640625 0.725 0.15 0.7328125 0.15 0.7359375 0.153125
0 0.9 0.24375 0.903125 0.2453125 0.9078125 0.2390625 0.9125 0.2390625 0.91875 0.2453125 0.9234375 0.2546875 0.9234375 0.265625 0.9203125 0.2703125 0.90625 0.2703125 0.8984375 0.25625 0.9 0.2453125
0 0.9375 0.3125 0.9296875 0.30625 0.9265625 0.2984375 0.9265625 0.2890625 0.93125 0.2796875 0.9359375 0.275 0.94375 0.275 0.9515625 0.26875 0.9453125 0.3046875 0.94375 0.309375 0.9390625 0.3109375
0 0.7703125 0.1546875 0.778125 0.1625 0.778125 0.171875 0.7671875 0.1765625 0.759375 0.1765625 0.7515625 0.1734375 0.75 0.1640625 0.75625 0.1546875 0.759375 0.153125 0.76875 0.1546875
0 0.7453125 0.1625 0.7484375 0.175 0.7421875 0.1828125 0.7359375 0.2 0.7328125 0.2015625 0.7234375 0.1953125 0.721875 0.1875 0.7265625 0.175 0.7390625 0.1625 0.74375 0.1625
1 0.0734375 0.8140625 0.0796875 0.815625 0.0859375 0.8140625 0.0890625 0.8171875 0.1 0.81875 0.10625 0.825 0.1140625 0.8421875 0.1140625 0.85625 0.1078125 0.8625 0.103125 0.884375 0.096875 0.8859375 0.090625 0.88125 0.0796875 0.8953125 0.0703125 0.89375 0.065625 0.8875 0.0640625 0.875 0.05625 0.8609375 0.0546875 0.8453125 0.05625 0.840625 0.06875 0.8296875 0.0734375 0.815625
2 0.8125 0.159375 0.8203125 0.1640625 0.8203125 0.184375 0.81875 0.1921875 0.8109375 0.1984375 0.7953125 0.1984375 0.79375 0.190625 0.7859375 0.1828125 0.7875 0.1625 0.790625 0.1578125 0.8046875 0.15625 0.8109375 0.159375
2 0.8796875 0.1546875 0.8859375 0.159375 0.8890625 0.16875 0.8875 0.1734375 0.884375 0.175 0.884375 0.184375 0.875 0.1921875 0.8671875 0.19375 0.8609375 0.19375 0.853125 0.1890625 0.8515625 0.1859375 0.853125 0.1671875 0.8609375 0.1515625 0.878125 0.1546875