0 0.39375 0.221875 0.4 0.225 0.415625 0.225 0.41875 0.2296875 0.4078125 0.2484375 0.4046875 0.25 0.403125 0.259375 0.396875 0.2609375 0.3921875 0.2671875 0.3828125 0.2703125 0.365625 0.2640625 0.3625 0.2609375 0.3625 0.2546875 0.3734375 0.234375 0.3828125 0.225 0.3921875 0.221875
0 0.209375 0.1578125 0.215625 0.175 0.215625 0.1828125 0.209375 0.1890625 0.2046875 0.1875 0.2 0.1890625 0.1953125 0.1796875 0.196875 0.1640625 0.203125 0.1578125 0.2078125 0.1578125
0 0.246875 0.159375 0.259375 0.1625 0.2625 0.175 0.2625 0.1859375 0.259375 0.1953125 0.2515625 0.1859375 0.24375 0.1859375 0.240625 0.1828125 0.2328125 0.1828125 0.2296875 0.1796875 0.2328125 0.1640625 0.2453125 0.159375
0 0.14375 0.35 0.1578125 0.3515625 0.1640625 0.3640625 0.1640625 0.3953125 0.1625 0.3984375 0.14375 0.4078125 0.1390625 0.4078125 0.134375 0.39375 0.1359375 0.359375 0.14375 0.3515625
0 0.15 0.153125 0.15625 0.1625 0.15625 0.175 0.1515625 0.18125 0.140625 0.184375 0.1359375 0.1796875 0.1328125 0.1625 0.1390625 0.153125 0.1421875 0.1515625 0.1484375 0.153125
0 0.0984375 0.30625 0.103125 0.3140625 0.10625 0.3109375 0.1125 0.3125 0.11875 0.3234375 0.1203125 0.3359375 0.1171875 0.346875 0.1109375 0.3484375 0.10625 0.3296875 0.103125 0.33125 0.103125 0.35 0.1046875 0.3515625 0.0984375 0.353125 0.0921875 0.346875 0.0859375 0.328125 0.0859375 0.3203125 0.0875 0.3125 0.0921875 0.3140625 0.096875 0.3078125
0 0.4421875 0.2171875 0.4484375 0.21875 0.45625 0.23125 0.459375 0.24375 0.45625 0.2609375 0.446875 0.2625 0.4328125 0.2734375 0.425 0.2859375 0.41875 0.2796875 0.4078125 0.2796875 0.40625 0.2765625 0.4046875 0.271875 0.40625 0.2515625 0.421875 0.228125 0.4359375 0.21875 0.440625 0.21875
0 0.0765625 0.2171875 0.08125 0.225 0.0890625 0.225 0.090625 0.228125 0.090625 0.2453125 0.0765625 0.253125 0.0703125 0.2515625 0.0640625 0.2375 0.0671875 0.2234375 0.075 0.2171875
0 0.0546875 0.3140625 0.0515625 0.3078125 0.0515625 0.2875 0.05625 0.2828125 0.0609375 0.2828125 0.0703125 0.29375 0.0703125 0.30625 0.0671875 0.30625 0.059375 0.3140625 0.05625 0.3140625
0 0.29375 0.15 0.3203125 0.15 0.3234375 0.159375 0.33125 0.1640625 0.33125 0.1765625 0.328125 0.18125 0.315625 0.1859375 0.3125 0.1859375 0.3078125 0.18125 0.2953125 0.1828125 0.290625 0.1734375 0.29375 0.1515625
0 0.5421875 0.1984375 0.5453125 0.2 0.546875 0.2046875 0.546875 0.215625 0.5515625 0.23125 0.5515625 0.25625 0.55 0.259375 0.5375 0.2609375 0.5265625 0.2609375 0.525 0.2328125 0.528125 0.2171875 0.528125 0.2015625 0.5328125 0.1984375 0.540625 0.1984375
0 0.2375 0.1796875 0.25625 0.1890625 0.259375 0.2046875 0.2578125 0.2109375 0.2484375 0.2171875 0.24375 0.2171875 0.2390625 0.2125 0.2265625 0.2109375 0.225 0.1921875 0.2296875 0.1828125 0.2359375 0.18125
1 0.2765625 0.175 0.28125 0.1796875 0.284375 0.190625 0.284375 0.1953125 0.2796875 0.2 0.2734375 0.1984375 0.2703125 0.1890625 0.2703125 0.1796875 0.275 0.175