0 0.771875 0.1578125 0.7796875 0.1640625 0.78125 0.16875 0.78125 0.1828125 0.778125 0.190625 0.775 0.190625 0.7640625 0.1796875 0.7609375 0.1796875 0.759375 0.1734375 0.7609375 0.1640625 0.7703125 0.1578125
0 0.7453125 0.1671875 0.75 0.171875 0.7515625 0.1796875 0.7421875 0.1875 0.734375 0.2015625 0.728125 0.2015625 0.721875 0.196875 0.7203125 0.18125 0.7328125 0.16875 0.74375 0.1671875
0 0.8171875 0.175 0.83125 0.1765625 0.834375 0.1828125 0.834375 0.1921875 0.83125 0.2015625 0.8203125 0.203125 0.8171875 0.2 0.809375 0.1984375 0.8078125 0.1890625 0.815625 0.1765625
0 0.0515625 0.9515625 0.059375 0.9546875 0.0671875 0.9640625 0.0734375 0.98125 0.075 0.9984375 0.0015625 0.9984375 0 0.996875 0 0.9796875 0.0046875 0.975 0.0140625 0.9671875 0.0328125 0.959375 0.0390625 0.953125 0.05 0.9515625
0 0.7640625 0.15703125 0.01796875 0.028125
0 0.9390625 0.2984375 0.021875 0.03359375
0 0.84375 0.1546875 0.8546875 0.1625 0.85625 0.165625 0.8546875 0.1734375 0.84375 0.175 0.8375 0.184375 0.834375 0.18125 0.83125 0.1703125 0.8421875 0.15625
0 0.825 0.1625 0.828125 0.165625 0.828125 0.1734375 0.8203125 0.178125 0.815625 0.178125 0.809375 0.184375 0.80625 0.18125 0.8078125 0.1625 0.8125 0.159375 0.8234375 0.1625
0 0.840625 0.3515625 0.8546875 0.35 0.8640625 0.3625 0.8625 0.3640625 0.8625 0.384375 0.8640625 0.3859375 0.8625 0.4 0.8609375 0.40625 0.8546875 0.4078125 0.8359375 0.3984375 0.834375 0.3953125 0.834375 0.3671875 0.840625 0.353125
0 0.7890625 0.1796875 0.7921875 0.178125 0.803125 0.1796875 0.80625 0.1828125 0.8078125 0.19375 0.80625 0.2046875 0.803125 0.209375 0.7890625 0.2109375 0.784375 0.2078125 0.78125 0.2 0.78125 0.1921875 0.7890625 0.18125
0 0.8640625 0.140625 0.8671875 0.15 0.865625 0.1609375 0.8578125 0.165625 0.846875 0.1546875 0.8515625 0.14375 0.8625 0.1421875
0 0.746875 0.1671875 0.7359375 0.165625 0.7265625 0.1734375 0.721875 0.1734375 0.7203125 0.1640625 0.721875 0.1515625 0.7265625 0.146875 0.74375 0.146875 0.7484375 0.153125 0.7484375 0.165625
0 0.846875 0.175 0.85625 0.1765625 0.859375 0.1796875 0.8609375 0.1921875 0.8578125 0.1984375 0.840625 0.196875 0.8375 0.1875 0.840625 0.178125 0.8453125 0.175
0 0.9140625 0.2328125 0.921875 0.2375 0.925 0.2421875 0.9265625 0.25625 0.925 0.2609375 0.921875 0.2625 0.90625 0.259375 0.90625 0.2390625 0.9125 0.2328125
0 0.9 0.30625 0.9046875 0.3125 0.90625 0.3234375 0.90625 0.3421875 0.903125 0.3484375 0.8953125 0.3484375 0.89375 0.3328125 0.890625 0.334375 0.8875 0.340625 0.8859375 0.35 0.878125 0.340625 0.878125 0.3265625 0.88125 0.31875 0.8890625 0.3109375 0.896875 0.3125 0.8984375 0.3078125
0 0.7625 0.18125 0.7703125 0.1890625 0.7703125 0.2 0.76875 0.2078125 0.7640625 0.215625 0.75625 0.21875 0.740625 0.2109375 0.7375 0.1984375 0.75 0.18125 0.7609375 0.18125
0 0.7109375 0.153125 0.71875 0.1609375 0.7203125 0.175 0.715625 0.184375 0.703125 0.1859375 0.6953125 0.1859375 0.6875 0.1796875 0.6875 0.16875 0.6984375 0.1546875 0.7046875 0.15 0.709375 0.153125
1 0 0.8390625 0.0046875 0.8484375 0.0125 0.8828125 0.0109375 0.909375 0.00625 0.9171875 0.003125 0.91875 0 0.9171875 0 0.840625
1 0.675 0.15625 0.6796875 0.1625 0.6796875 0.171875 0.675 0.178125 0.6640625 0.1765625 0.6640625 0.1640625 0.6734375 0.15625