0 0.7328125 0.203125 0.721875 0.196875 0.71875 0.1859375 0.7203125 0.1796875 0.725 0.175 0.728125 0.175 0.734375 0.1671875 0.746875 0.16875 0.75 0.1734375 0.75 0.1765625 0.7359375 0.1953125 0.734375 0.2015625
0 0.5171875 0.1640625 0.5265625 0.16875 0.5328125 0.175 0.5359375 0.1828125 0.5453125 0.1890625 0.546875 0.19375 0.546875 0.2109375 0.5453125 0.2125 0.528125 0.2125 0.51875 0.203125 0.5140625 0.2 0.5078125 0.2 0.5 0.1921875 0.5 0.1796875 0.503125 0.16875 0.5078125 0.1640625 0.515625 0.1640625
0 0.8265625 0.175 0.8328125 0.18125 0.8328125 0.1984375 0.8296875 0.2015625 0.8203125 0.203125 0.809375 0.1984375 0.809375 0.1859375 0.815625 0.1765625 0.825 0.175
0 0.8875 0.246875 0.8953125 0.25 0.8984375 0.2625 0.8984375 0.275 0.8890625 0.284375 0.8765625 0.2734375 0.875 0.2671875 0.875 0.2578125 0.878125 0.2515625 0.8859375 0.246875
0 0.85 0.153125 0.8578125 0.1609375 0.8578125 0.1671875 0.853125 0.1734375 0.84375 0.175 0.8390625 0.18125 0.834375 0.178125 0.8328125 0.171875 0.840625 0.1546875 0.8484375 0.153125
0 0.803125 0.1796875 0.80625 0.184375 0.8078125 0.1984375 0.8046875 0.2078125 0.7984375 0.2109375 0.790625 0.2109375 0.784375 0.2078125 0.7796875 0.196875 0.7828125 0.1875 0.7921875 0.178125 0.8015625 0.1796875
0 0.840625 0.3515625 0.8546875 0.35 0.8640625 0.359375 0.8625 0.3703125 0.8640625 0.3953125 0.8578125 0.409375 0.8359375 0.3984375 0.834375 0.3953125 0.834375 0.378125 0.8359375 0.3765625 0.834375 0.3671875 0.8375 0.35625 0.840625 0.353125
0 0.8578125 0.175 0.8609375 0.1796875 0.8609375 0.196875 0.859375 0.1984375 0.8421875 0.1984375 0.8375 0.1921875 0.8375 0.184375 0.8453125 0.175 0.85625 0.175
0 0.940625 0.2828125 0.9484375 0.290625 0.946875 0.3078125 0.94375 0.3140625 0.9390625 0.3140625 0.928125 0.3046875 0.928125 0.29375 0.9390625 0.2828125
0 0.7578125 0.178125 0.7625 0.1796875 0.76875 0.1859375 0.7703125 0.190625 0.76875 0.2078125 0.7640625 0.21875 0.7609375 0.2171875 0.753125 0.21875 0.746875 0.2125 0.740625 0.2109375 0.7359375 0.2 0.7453125 0.1828125 0.7515625 0.178125 0.75625 0.178125
0 0.8234375 0.1625 0.825 0.1734375 0.815625 0.178125 0.8109375 0.184375 0.80625 0.1796875 0.8078125 0.1625 0.809375 0.1609375 0.821875 0.1625
0 0.70625 0.1515625 0.7171875 0.1578125 0.7203125 0.1734375 0.715625 0.184375 0.7046875 0.1859375 0.6953125 0.1859375 0.6875 0.1796875 0.6875 0.1671875 0.7046875 0.1515625
0 0.7421875 0.146875 0.7484375 0.1515625 0.746875 0.16875 0.7375 0.165625 0.728125 0.1734375 0.721875 0.1734375 0.7203125 0.1625 0.721875 0.1515625 0.7265625 0.146875 0.740625 0.146875
0 0.89375 0.3109375 0.896875 0.3140625 0.9 0.3125 0.9109375 0.325 0.9078125 0.346875 0.903125 0.3484375 0.896875 0.35625 0.8921875 0.35625 0.8921875 0.35 0.8890625 0.346875 0.8859375 0.35 0.8828125 0.3484375 0.878125 0.3359375 0.878125 0.328125 0.8828125 0.3171875 0.8921875 0.3109375
1 0.6734375 0.1546875 0.6796875 0.1640625 0.678125 0.1734375 0.675 0.178125 0.6640625 0.1765625 0.6640625 0.1640625 0.671875 0.15625