0 0.05 0.2109375 0.053125 0.2234375 0.04375 0.234375 0.0390625 0.2328125 0.0390625 0.215625 0.040625 0.2125 0.0484375 0.2109375
0 0.6265625 0.0953125 0.628125 0.1109375 0.6234375 0.1234375 0.61875 0.1265625 0.6125 0.1265625 0.609375 0.1234375 0.60625 0.1125 0.6125 0.096875 0.61875 0.09375 0.625 0.0953125
0 0.125 0.25546875 0.02734375 0.0390625
0 0.684375 0.2796875 0.6984375 0.2875 0.703125 0.2875 0.7109375 0.303125 0.71875 0.3109375 0.7234375 0.3125 0.728125 0.31875 0.7296875 0.346875 0.7234375 0.3546875 0.7140625 0.359375 0.7109375 0.359375 0.7015625 0.3484375 0.675 0.3375 0.66875 0.3390625 0.6640625 0.3359375 0.6609375 0.3296875 0.6578125 0.31875 0.6609375 0.3 0.6671875 0.2875 0.675 0.2796875 0.6828125 0.2796875
0 0.640625 0.0359375 0.640625 0.0265625 0.6453125 0.021875 0.65 0.021875 0.6546875 0.0265625 0.6546875 0.0359375 0.6515625 0.0375 0.6421875 0.0359375
0 0.15 0.35 0.15625 0.3515625 0.1625 0.3609375 0.1640625 0.396875 0.14375 0.4078125 0.1390625 0.4078125 0.1359375 0.4 0.134375 0.3625 0.14375 0.35 0.1484375 0.35
0 0.0984375 0.30625 0.1046875 0.3234375 0.1078125 0.321875 0.109375 0.3109375 0.1125 0.3125 0.11875 0.325 0.11875 0.3390625 0.1125 0.3515625 0.10625 0.35 0.103125 0.353125 0.0984375 0.353125 0.0953125 0.3484375 0.090625 0.346875 0.0875 0.325 0.096875 0.3078125
0 0.1078125 0.22109375 0.01953125 0.025
0 0.078125 0.234375 0.0890625 0.2453125 0.0890625 0.253125 0.078125 0.2609375 0.0703125 0.2609375 0.0671875 0.25625 0.06875 0.2375 0.071875 0.234375 0.0765625 0.234375
0 0.0609375 0.2984375 0.021875 0.03359375
0 0.5109375 0.46875 0.5140625 0.471875 0.5296875 0.46875 0.5421875 0.475 0.5578125 0.4890625 0.5625 0.5015625 0.5765625 0.5125 0.5828125 0.521875 0.58125 0.534375 0.5671875 0.5578125 0.5609375 0.5640625 0.5484375 0.5625 0.540625 0.56875 0.5359375 0.565625 0.53125 0.5515625 0.4984375 0.5234375 0.4921875 0.5234375 0.4875 0.528125 0.484375 0.528125 0.4796875 0.5234375 0.478125 0.5140625 0.4734375 0.50625 0.4734375 0.4953125 0.48125 0.4796875 0.4953125 0.46875 0.5 0.4671875 0.509375 0.46875
0 0.415625 0.2046875 0.425 0.2078125 0.434375 0.215625 0.4359375 0.234375 0.425 0.25 0.4234375 0.25625 0.4203125 0.2578125 0.4140625 0.2546875 0.409375 0.2578125 0.403125 0.2578125 0.4 0.25625 0.396875 0.2484375 0.396875 0.23125 0.403125 0.2125 0.4140625 0.20625
0 0.1328125 0.1375 0.14375 0.140625 0.1515625 0.1515625 0.1515625 0.1578125 0.1421875 0.165625 0.1390625 0.165625 0.13125 0.159375 0.1296875 0.153125 0.1328125 0.1390625
0 0.584375 0.1484375 0.584375 0.1375 0.5875 0.125 0.5953125 0.115625 0.6 0.115625 0.609375 0.128125 0.60625 0.15 0.603125 0.1546875 0.5953125 0.15625 0.5921875 0.1546875 0.5890625 0.1484375 0.5859375 0.1484375
2 0.021875 0.2578125 0.03125 0.2796875 0.03125 0.29375 0.025 0.303125 0.025 0.3078125 0.0203125 0.3109375 0.0140625 0.3109375 0.009375 0.30625 0.003125 0.278125 0.003125 0.2609375 0.0125 0.2546875 0.0171875 0.2546875 0.0203125 0.2578125
2 0.30625 0.325 0.309375 0.3328125 0.3078125 0.340625 0.2953125 0.3546875 0.2828125 0.3625 0.2796875 0.3625 0.2703125 0.35 0.259375 0.3484375 0.253125 0.340625 0.25 0.328125 0.2515625 0.2984375 0.2640625 0.2875 0.275 0.2875 0.2921875 0.315625 0.3015625 0.325 0.3046875 0.325
2 0.575 0.0578125 0.5921875 0.05625 0.596875 0.059375 0.5984375 0.0640625 0.5984375 0.084375 0.5953125 0.090625 0.578125 0.0921875 0.575 0.0890625 0.575 0.065625 0.5734375 0.0640625 0.575 0.059375