0 0.721875 0.478125 0.74375 0.490625 0.746875 0.503125 0.746875 0.5140625 0.74375 0.5328125 0.740625 0.5375 0.7265625 0.590625 0.7203125 0.60625 0.715625 0.6109375 0.7109375 0.5984375 0.7046875 0.5953125 0.6984375 0.5984375 0.6921875 0.5953125 0.6875 0.5890625 0.68125 0.5875 0.6796875 0.55 0.6828125 0.5375 0.690625 0.525 0.69375 0.5125 0.7015625 0.4984375 0.70625 0.48125 0.7125 0.478125 0.7203125 0.478125
0 0.3796875 0.1046875 0.02109375 0.0375
0 0.371875 0.0375 0.3796875 0.0375 0.384375 0.04375 0.384375 0.05 0.38125 0.053125 0.371875 0.0546875 0.3703125 0.0515625 0.371875 0.0390625
0 0.840625 0.3515625 0.8546875 0.35 0.859375 0.35625 0.8625 0.3609375 0.8625 0.3828125 0.8640625 0.384375 0.8609375 0.40625 0.8578125 0.409375 0.84375 0.4046875 0.834375 0.3984375 0.8328125 0.38125 0.8359375 0.3703125 0.8359375 0.3609375 0.840625 0.353125
0 0.9 0.30625 0.903125 0.3125 0.9078125 0.3140625 0.909375 0.3125 0.9078125 0.3171875 0.9109375 0.328125 0.90625 0.346875 0.896875 0.35625 0.89375 0.35625 0.8921875 0.3453125 0.890625 0.34375 0.8859375 0.35 0.8828125 0.3484375 0.878125 0.3359375 0.8796875 0.321875 0.884375 0.3140625 0.890625 0.3109375 0.89375 0.3171875 0.9 0.3078125
0 0.3984375 0.1125 0.403125 0.1171875 0.403125 0.121875 0.409375 0.1359375 0.4078125 0.1484375 0.403125 0.153125 0.390625 0.153125 0.3859375 0.1484375 0.3875 0.121875 0.396875 0.1125
0 0.9328125 0.2203125 0.9390625 0.2234375 0.940625 0.228125 0.940625 0.2421875 0.934375 0.246875 0.91875 0.234375 0.9203125 0.225 0.9265625 0.2203125 0.93125 0.2203125
0 0.9390625 0.29765625 0.02109375 0.034375
0 0.80625 0.15 0.809375 0.1546875 0.8078125 0.16875 0.7984375 0.1671875 0.7921875 0.1609375 0.7921875 0.153125 0.7953125 0.1484375 0.8046875 0.15
0 0.5015625 0.3140625 0.5234375 0.325 0.528125 0.325 0.5296875 0.328125 0.528125 0.3296875 0.528125 0.3515625 0.525 0.3609375 0.5109375 0.375 0.503125 0.3921875 0.496875 0.3859375 0.4875 0.38125 0.4734375 0.3796875 0.4703125 0.375 0.4703125 0.3578125 0.4796875 0.328125 0.4890625 0.3140625 0.5 0.3140625
0 0.85859375 0.15234375 0.021875 0.0265625
0 0.421875 0.075 0.428125 0.08125 0.4296875 0.0984375 0.428125 0.1015625 0.4203125 0.1015625 0.4140625 0.1046875 0.409375 0.1015625 0.409375 0.084375 0.415625 0.075 0.4203125 0.075