0 0.4109375 0.1 0.4140625 0.103125 0.41875 0.1015625 0.43125 0.103125 0.4375 0.115625 0.4359375 0.1390625 0.43125 0.14375 0.4171875 0.1421875 0.409375 0.1171875 0.4109375 0.1015625
0 0.3578125 0.053125 0.365625 0.0515625 0.371875 0.065625 0.371875 0.0734375 0.3578125 0.0734375 0.3546875 0.0625 0.3578125 0.0546875
0 0.840625 0.3515625 0.853125 0.35 0.859375 0.35625 0.8625 0.3609375 0.8625 0.384375 0.8640625 0.3859375 0.8609375 0.4046875 0.8578125 0.4078125 0.8359375 0.396875 0.834375 0.39375 0.8359375 0.3609375 0.840625 0.353125
0 0.3546875 0.08125 0.35625 0.0828125 0.3640625 0.08125 0.3671875 0.0859375 0.3671875 0.10625 0.3640625 0.1109375 0.359375 0.1109375 0.353125 0.103125 0.3546875 0.0828125
0 0.4 0.046875 0.40625 0.05 0.4078125 0.053125 0.409375 0.0703125 0.4046875 0.0734375 0.39375 0.071875 0.390625 0.065625 0.390625 0.059375 0.3953125 0.05 0.3984375 0.0484375
0 0.9 0.3046875 0.9046875 0.3125 0.9 0.3375 0.89375 0.334375 0.890625 0.3359375 0.8890625 0.3515625 0.8859375 0.3515625 0.88125 0.346875 0.878125 0.3375 0.8796875 0.3234375 0.8859375 0.3125 0.8921875 0.3109375 0.8953125 0.3140625 0.9 0.30625
0 0.403125 0.0875 0.4078125 0.09375 0.40625 0.1109375 0.403125 0.1140625 0.3953125 0.1140625 0.3890625 0.1078125 0.3890625 0.0984375 0.3921875 0.0921875 0.396875 0.0875 0.4015625 0.0875
0 0.865625 0.1390625 0.86875 0.1421875 0.86875 0.1578125 0.859375 0.1640625 0.85 0.1609375 0.8484375 0.1515625 0.8515625 0.14375 0.8640625 0.1390625
0 0.9390625 0.29765625 0.02265625 0.034375
0 0.6421875 0.18125 0.6640625 0.175 0.6671875 0.178125 0.6671875 0.190625 0.6703125 0.203125 0.6703125 0.2109375 0.6609375 0.2203125 0.65625 0.2203125 0.646875 0.225 0.628125 0.221875 0.625 0.2015625 0.6359375 0.19375 0.6421875 0.1828125
0 0.3953125 0.1546875 0.3859375 0.13125 0.3859375 0.125 0.390625 0.115625 0.4046875 0.115625 0.4078125 0.11875 0.4109375 0.1328125 0.4140625 0.1375 0.4140625 0.1484375 0.4078125 0.15 0.403125 0.1546875 0.396875 0.1546875
0 0.3828125 0.0953125 0.3875 0.1015625 0.3890625 0.1109375 0.3859375 0.1234375 0.3828125 0.125 0.375 0.1234375 0.371875 0.1203125 0.3703125 0.1125 0.371875 0.1 0.378125 0.09375 0.38125 0.0953125