0 0.375 0.315625 0.3765625 0.3234375 0.3890625 0.325 0.390625 0.3375 0.39375 0.34375 0.39375 0.3609375 0.3859375 0.3734375 0.3828125 0.375 0.375 0.371875 0.3640625 0.3734375 0.3484375 0.38125 0.3359375 0.396875 0.3234375 0.390625 0.315625 0.3796875 0.315625 0.3625 0.31875 0.35 0.3390625 0.3359375 0.3421875 0.325 0.3484375 0.321875 0.3578125 0.3234375 0.3625 0.3171875 0.3578125 0.315625 0.3546875 0.3203125 0.35625 0.3140625 0.365625 0.3125 0.3671875 0.31875 0.3734375 0.3171875
0 0.75 0.1890625 0.7578125 0.196875 0.759375 0.2046875 0.75625 0.2109375 0.753125 0.2125 0.7515625 0.21875 0.7453125 0.21875 0.7390625 0.221875 0.728125 0.2171875 0.721875 0.2109375 0.721875 0.2015625 0.7359375 0.1875 0.7484375 0.1890625
0 0.940625 0.28125 0.946875 0.2875 0.9453125 0.3109375 0.9421875 0.3140625 0.9375 0.3125 0.928125 0.303125 0.9265625 0.2984375 0.928125 0.2921875 0.9390625 0.2828125
0 0.75625 0.153125 0.76875 0.159375 0.76875 0.1734375 0.765625 0.1796875 0.7515625 0.1828125 0.7375 0.1734375 0.7375 0.165625 0.746875 0.1546875 0.7546875 0.153125
0 0.9265625 0.15 0.93125 0.1484375 0.9359375 0.1578125 0.934375 0.1703125 0.9296875 0.1734375 0.925 0.171875 0.9203125 0.1625 0.9265625 0.1515625
0 0.90625 0.3171875 0.9125 0.325 0.9125 0.33125 0.9078125 0.346875 0.896875 0.35625 0.89375 0.3515625 0.8953125 0.3296875 0.896875 0.325 0.9046875 0.3171875
0 0.865625 0.1390625 0.86875 0.14375 0.86875 0.1546875 0.865625 0.1609375 0.859375 0.1640625 0.8484375 0.159375 0.8484375 0.1484375 0.8546875 0.140625 0.8640625 0.1390625
0 0.9140625 0.3 0.9109375 0.3078125 0.9140625 0.315625 0.909375 0.3171875 0.9140625 0.321875 0.9078125 0.3453125 0.896875 0.3546875 0.8953125 0.353125 0.8953125 0.328125 0.89375 0.3265625 0.890625 0.3296875 0.8859375 0.35 0.8796875 0.3453125 0.8765625 0.33125 0.8859375 0.3125 0.8890625 0.3109375 0.896875 0.3125 0.9 0.30625 0.9046875 0.309375 0.9078125 0.303125 0.9125 0.3
0 0.7296875 0.15 0.734375 0.153125 0.7375 0.159375 0.734375 0.1765625 0.7328125 0.18125 0.7234375 0.18125 0.71875 0.184375 0.70625 0.178125 0.7046875 0.16875 0.7171875 0.15 0.728125 0.15
0 0.784375 0.196875 0.7890625 0.2 0.7921875 0.2109375 0.790625 0.2296875 0.7875 0.2328125 0.778125 0.2296875 0.7671875 0.2328125 0.7578125 0.228125 0.7546875 0.2203125 0.7546875 0.2140625 0.7703125 0.196875 0.7828125 0.1984375
0 0.8546875 0.35 0.8640625 0.359375 0.8625 0.3671875 0.8640625 0.390625 0.859375 0.409375 0.8359375 0.3984375 0.834375 0.3953125 0.834375 0.3671875 0.8375 0.35625 0.84375 0.3515625 0.853125 0.35
0 0.3796875 0.3078125 0.3875 0.321875 0.384375 0.3265625 0.3703125 0.3265625 0.3640625 0.3296875 0.3421875 0.3296875 0.3328125 0.3375 0.33125 0.3359375 0.3359375 0.334375 0.3375 0.3265625 0.35 0.3140625 0.3640625 0.3109375 0.371875 0.30625 0.378125 0.3078125