0 0.0984375 0.3046875 0.103125 0.3125 0.10625 0.3109375 0.1125 0.3125 0.11875 0.3234375 0.1203125 0.3328125 0.1171875 0.346875 0.1109375 0.3484375 0.1078125 0.3296875 0.1046875 0.3265625 0.103125 0.328125 0.103125 0.3515625 0.1 0.353125 0.0921875 0.346875 0.0890625 0.334375 0.0890625 0.3234375 0.0984375 0.30625
0 0.2609375 0.1640625 0.2703125 0.1703125 0.2765625 0.1875 0.275 0.196875 0.2625 0.203125 0.2484375 0.1953125 0.24375 0.1828125 0.246875 0.171875 0.2515625 0.1671875 0.259375 0.1640625
0 0.984375 0.8203125 0.9984375 0.834375 0.9984375 0.875 0.996875 0.8765625 0.9984375 0.925 0.9890625 0.921875 0.9828125 0.915625 0.978125 0.915625 0.9734375 0.91875 0.9671875 0.915625 0.9640625 0.9109375 0.9625 0.9 0.959375 0.896875 0.9578125 0.8859375 0.959375 0.8625 0.96875 0.8375 0.9734375 0.8296875 0.9828125 0.821875
0 0.959375 0.7046875 0.96875 0.7125 0.9875 0.70625 0.9984375 0.7125 0.9984375 0.79375 0.99375 0.79375 0.975 0.7828125 0.9640625 0.7734375 0.9578125 0.7734375 0.9546875 0.7765625 0.953125 0.7859375 0.95 0.7875 0.9421875 0.7859375 0.9390625 0.78125 0.9328125 0.759375 0.934375 0.740625 0.9421875 0.7171875 0.953125 0.7046875 0.9578125 0.7046875
0 0.18359375 0.20703125 0.028125 0.03046875
0 0.165625 0.153125 0.16875 0.1546875 0.171875 0.1609375 0.1734375 0.1734375 0.1609375 0.1734375 0.1484375 0.1609375 0.1515625 0.153125 0.1578125 0.1515625 0.1640625 0.153125
0 0.14375 0.35 0.1546875 0.35 0.159375 0.353125 0.1640625 0.378125 0.1625 0.3984375 0.1390625 0.4078125 0.134375 0.39375 0.1359375 0.3609375 0.14375 0.3515625
0 0.196875 0.2 0.209375 0.1921875 0.2140625 0.1921875 0.2171875 0.1984375 0.2296875 0.2109375 0.2296875 0.2234375 0.2234375 0.2234375 0.2171875 0.23125 0.2140625 0.23125 0.209375 0.2265625 0.203125 0.2265625 0.196875 0.2171875 0.196875 0.2015625
0 0.9828125 0.965625 0.990625 0.975 0.9984375 0.975 0.9984375 0.9984375 0.9484375 0.9984375 0.9640625 0.96875 0.9703125 0.9625 0.978125 0.9625 0.98125 0.965625
0 0.0609375 0.2828125 0.06875 0.290625 0.0703125 0.3015625 0.0578125 0.3140625 0.053125 0.3109375 0.05 0.290625 0.05625 0.28125 0.059375 0.2828125
0 0.184375 0.1578125 0.1921875 0.1640625 0.196875 0.175 0.196875 0.1859375 0.1921875 0.1875 0.1890625 0.1875 0.175 0.1734375 0.175 0.1625 0.1828125 0.1578125
0 0.0390625 0.1734375 0.0390625 0.1625 0.04375 0.15625 0.05 0.1578125 0.053125 0.16875 0.05 0.1734375 0.04375 0.175 0.040625 0.1734375
0 0.2375 0.171875 0.24375 0.178125 0.24375 0.1859375 0.246875 0.1921875 0.246875 0.1984375 0.24375 0.2046875 0.2359375 0.2109375 0.2296875 0.2109375 0.21875 0.19375 0.21875 0.1875 0.221875 0.18125 0.2265625 0.1765625 0.2359375 0.1734375
0 0.2875 0.15 0.3046875 0.1671875 0.3046875 0.178125 0.3015625 0.1828125 0.2953125 0.1859375 0.2796875 0.184375 0.271875 0.16875 0.275 0.1546875 0.2859375 0.15
3 0.1625 0.16328125 0.02421875 0.0234375