0 0.9328125 0.3953125 0.953125 0.4140625 0.9578125 0.421875 0.959375 0.4359375 0.9734375 0.453125 0.975 0.484375 0.9703125 0.490625 0.95625 0.4890625 0.9546875 0.484375 0.94375 0.4734375 0.9390625 0.471875 0.928125 0.4609375 0.91875 0.4578125 0.9125 0.4484375 0.909375 0.4359375 0.9109375 0.415625 0.9171875 0.409375 0.9234375 0.396875 0.928125 0.39375 0.93125 0.3953125
0 0.14375 0.1390625 0.15 0.15 0.15 0.159375 0.1421875 0.1640625 0.1328125 0.1609375 0.1296875 0.15625 0.13125 0.1390625 0.1328125 0.1375 0.1421875 0.1390625
0 0.153125 0.35 0.1578125 0.3515625 0.1625 0.359375 0.1640625 0.396875 0.1515625 0.4015625 0.140625 0.409375 0.134375 0.39375 0.1359375 0.384375 0.1359375 0.3640625 0.134375 0.3625 0.14375 0.35 0.1515625 0.35
0 0.0984375 0.3078125 0.1046875 0.3171875 0.1078125 0.3109375 0.1125 0.3125 0.11875 0.321875 0.1203125 0.3296875 0.1203125 0.3375 0.115625 0.3484375 0.1109375 0.35 0.1078125 0.346875 0.10625 0.3359375 0.103125 0.340625 0.103125 0.3515625 0.1015625 0.353125 0.096875 0.3484375 0.09375 0.3484375 0.090625 0.3390625 0.090625 0.325 0.0984375 0.309375
0 0.615625 0.1015625 0.6234375 0.115625 0.6234375 0.128125 0.6203125 0.1375 0.603125 0.1359375 0.6 0.1296875 0.6015625 0.115625 0.6078125 0.1046875 0.6140625 0.1015625
0 0.065625 0.2875 0.0703125 0.2921875 0.071875 0.2984375 0.065625 0.3078125 0.0578125 0.3140625 0.053125 0.3109375 0.05 0.2921875 0.05625 0.2828125 0.0609375 0.2828125 0.0640625 0.2875
0 0.5859375 0.13125 0.5921875 0.1359375 0.5921875 0.15625 0.590625 0.1609375 0.5859375 0.1640625 0.5859375 0.1734375 0.578125 0.1765625 0.5734375 0.1734375 0.565625 0.175 0.5640625 0.1578125 0.5703125 0.1390625 0.5796875 0.13125 0.584375 0.13125
0 0.31875 0.15 0.321875 0.15625 0.33125 0.1625 0.33125 0.175 0.3265625 0.1765625 0.3203125 0.1828125 0.29375 0.178125 0.290625 0.171875 0.29375 0.15 0.309375 0.15 0.3109375 0.1484375 0.3171875 0.15
0 0.6046875 0.059375 0.6109375 0.0640625 0.6109375 0.075 0.6078125 0.0796875 0.603125 0.08125 0.590625 0.078125 0.5921875 0.065625 0.5984375 0.059375 0.603125 0.059375
0 0.6265625 0.078125 0.6296875 0.08125 0.63125 0.075 0.6375 0.0734375 0.6421875 0.09375 0.640625 0.1078125 0.6328125 0.10625 0.6296875 0.0890625 0.6265625 0.1046875 0.621875 0.1015625 0.621875 0.0859375 0.6234375 0.08125 0.6265625 0.0796875
1 0.271875 0.18125 0.2796875 0.1796875 0.284375 0.1875 0.2828125 0.196875 0.275 0.2 0.271875 0.196875 0.271875 0.1828125