0 0.9 0.3046875 0.909375 0.3234375 0.909375 0.334375 0.90625 0.346875 0.8984375 0.353125 0.8953125 0.3515625 0.8953125 0.328125 0.89375 0.3265625 0.890625 0.3296875 0.8875 0.3484375 0.88125 0.346875 0.878125 0.3375 0.8796875 0.3234375 0.8828125 0.3171875 0.8890625 0.3109375 0.8953125 0.3125 0.8984375 0.30625
0 0.740625 0.1640625 0.7515625 0.171875 0.7546875 0.1828125 0.75 0.1953125 0.7421875 0.1984375 0.7375 0.203125 0.7296875 0.1984375 0.725 0.1984375 0.721875 0.1875 0.728125 0.1703125 0.7390625 0.1640625
0 0.0140625 0.8203125 0.0171875 0.825 0.025 0.8296875 0.0296875 0.8375 0.0390625 0.8625 0.040625 0.8859375 0.0390625 0.896875 0.0359375 0.9 0.0328125 0.9140625 0.025 0.91875 0.0203125 0.915625 0.015625 0.915625 0.009375 0.921875 0 0.925 0 0.88125 0.0015625 0.8796875 0 0.834375 0.0125 0.821875
0 0.0453125 0.7046875 0.05625 0.7171875 0.065625 0.7484375 0.065625 0.759375 0.059375 0.78125 0.05625 0.7859375 0.0484375 0.7875 0.04375 0.7828125 0.04375 0.7765625 0.040625 0.7734375 0.034375 0.7734375 0.0234375 0.7828125 0.0046875 0.79375 0 0.79375 0 0.7125 0.0109375 0.70625 0.0296875 0.7125 0.0390625 0.7046875 0.04375 0.7046875
0 0.815625 0.19375 0.8171875 0.1953125 0.8203125 0.19375 0.828125 0.2 0.828125 0.2140625 0.821875 0.221875 0.8140625 0.221875 0.80625 0.21875 0.8015625 0.2125 0.803125 0.2 0.8109375 0.1921875 0.8140625 0.19375
0 0.846875 0.153125 0.85 0.1609375 0.8375 0.1734375 0.825 0.1734375 0.8265625 0.1609375 0.8296875 0.1546875 0.8359375 0.1515625 0.8453125 0.153125
0 0.8359375 0.3984375 0.834375 0.3953125 0.8359375 0.3625 0.8390625 0.353125 0.84375 0.35 0.8546875 0.35 0.8625 0.3609375 0.8640625 0.39375 0.859375 0.4078125 0.8484375 0.4046875 0.8375 0.3984375
0 0.784375 0.1921875 0.7890625 0.1921875 0.8015625 0.2 0.8015625 0.2171875 0.7953125 0.2265625 0.7890625 0.2265625 0.784375 0.23125 0.78125 0.23125 0.775 0.2234375 0.76875 0.2234375 0.76875 0.2109375 0.784375 0.19375
0 0 0.975 0.0078125 0.975 0.0203125 0.9625 0.028125 0.9625 0.0390625 0.975 0.05 0.9984375 0 0.9984375 0 0.9765625
0 0.946875 0.2859375 0.9484375 0.296875 0.9453125 0.3109375 0.9421875 0.3140625 0.9375 0.3125 0.9296875 0.3046875 0.928125 0.29375 0.940625 0.28125 0.9453125 0.2859375
0 0.8171875 0.1578125 0.8234375 0.1625 0.8234375 0.1734375 0.809375 0.1875 0.8015625 0.1859375 0.8015625 0.175 0.80625 0.1640625 0.815625 0.1578125
0 0.9453125 0.16875 0.9484375 0.1578125 0.9546875 0.15625 0.959375 0.1625 0.959375 0.1734375 0.9546875 0.175 0.9484375 0.1734375 0.946875 0.1703125
0 0.7609375 0.171875 0.771875 0.1765625 0.7796875 0.1875 0.7796875 0.19375 0.771875 0.2046875 0.771875 0.2078125 0.76875 0.2109375 0.7625 0.2109375 0.7546875 0.2046875 0.7515625 0.1984375 0.7546875 0.178125 0.759375 0.1734375
0 0.7140625 0.15 0.7171875 0.153125 0.721875 0.153125 0.7265625 0.1625 0.7265625 0.16875 0.721875 0.175 0.7203125 0.1828125 0.715625 0.1859375 0.703125 0.1859375 0.696875 0.1828125 0.69375 0.178125 0.6953125 0.1640625 0.7125 0.15
3 0.8453125 0.153125 0.8484375 0.1609375 0.8375 0.1734375 0.8265625 0.1734375 0.825 0.165625 0.828125 0.1578125 0.8328125 0.153125 0.8375 0.1515625 0.84375 0.153125