0 0.0984375 0.30625 0.1015625 0.3125 0.109375 0.3109375 0.115625 0.3171875 0.121875 0.334375 0.11875 0.3453125 0.1125 0.3515625 0.1109375 0.35 0.1078125 0.3296875 0.1046875 0.3265625 0.103125 0.328125 0.103125 0.353125 0.1015625 0.3546875 0.0921875 0.3484375 0.0859375 0.328125 0.0859375 0.321875 0.090625 0.3171875 0.0890625 0.309375 0.0953125 0.3109375 0.096875 0.3078125
0 0.271875 0.16875 0.2796875 0.175 0.2796875 0.1921875 0.2765625 0.196875 0.26875 0.196875 0.2640625 0.1890625 0.25625 0.1828125 0.25625 0.175 0.2640625 0.1671875 0.2703125 0.16875
0 0.615625 0.0984375 0.61875 0.103125 0.6203125 0.1234375 0.61875 0.13125 0.6140625 0.1359375 0.6046875 0.134375 0.6015625 0.1296875 0.6015625 0.11875 0.6078125 0.109375 0.609375 0.1 0.6140625 0.0984375
0 0.18125 0.14375 0.1890625 0.1546875 0.1890625 0.1640625 0.1859375 0.1671875 0.175 0.16875 0.16875 0.1625 0.1671875 0.159375 0.16875 0.1484375 0.1734375 0.1453125 0.1796875 0.1453125
0 0.1890625 0.1734375 0.203125 0.1875 0.2046875 0.1953125 0.203125 0.2015625 0.1953125 0.20625 0.1796875 0.20625 0.178125 0.2046875 0.1765625 0.1859375 0.178125 0.18125 0.184375 0.175 0.1875 0.175
0 0.2359375 0.2 0.2421875 0.2109375 0.240625 0.228125 0.2296875 0.23125 0.2203125 0.2265625 0.21875 0.23125 0.215625 0.2328125 0.209375 0.2328125 0.20625 0.2234375 0.2078125 0.2015625 0.221875 0.1984375 0.234375 0.2
0 0.05 0.159375 0.05625 0.16875 0.05625 0.1734375 0.053125 0.178125 0.046875 0.1765625 0.04375 0.171875 0.04375 0.1625 0.0484375 0.159375
0 0.259375 0.1875 0.2671875 0.196875 0.271875 0.196875 0.2765625 0.2 0.275 0.2140625 0.2640625 0.221875 0.2484375 0.2203125 0.2453125 0.2171875 0.2421875 0.203125 0.24375 0.1953125 0.2484375 0.1890625 0.2578125 0.1875
0 0.0953125 0.3171875 0.103125 0.328125 0.1046875 0.3515625 0.1015625 0.35625 0.090625 0.346875 0.090625 0.3421875 0.0859375 0.3328125 0.0859375 0.3234375 0.09375 0.3171875
0 0.14375 0.140625 0.1484375 0.1453125 0.15 0.159375 0.1421875 0.165625 0.134375 0.1625 0.1296875 0.15625 0.13125 0.140625 0.1328125 0.1390625 0.1421875 0.140625
0 0.28125 0.15 0.29375 0.1671875 0.29375 0.1765625 0.290625 0.1796875 0.284375 0.1796875 0.2640625 0.159375 0.271875 0.15 0.2796875 0.15
0 0.06171875 0.2984375 0.021875 0.03359375
0 0.1328125 0.3625 0.140625 0.3515625 0.1515625 0.35 0.1609375 0.35625 0.1640625 0.3640625 0.1640625 0.396875 0.1390625 0.409375 0.134375 0.39375 0.1359375 0.3828125 0.134375 0.3640625
1 0.9984375 0.8328125 0.9984375 0.91875 0.9953125 0.91875 0.990625 0.9125 0.990625 0.9046875 0.984375 0.8875 0.9859375 0.8609375 0.9921875 0.8484375 0.99375 0.8390625 0.9984375 0.834375