0 0.5953125 0.1140625 0.6015625 0.115625 0.60625 0.1234375 0.60625 0.1453125 0.603125 0.1515625 0.6 0.1546875 0.5953125 0.1546875 0.5921875 0.1484375 0.584375 0.146875 0.584375 0.134375 0.59375 0.115625
0 0.765625 0.3171875 0.775 0.325 0.7859375 0.3265625 0.790625 0.3328125 0.8 0.3375 0.80625 0.3453125 0.809375 0.35625 0.815625 0.3625 0.821875 0.378125 0.821875 0.3859375 0.815625 0.403125 0.8125 0.40625 0.803125 0.40625 0.8 0.4046875 0.796875 0.3984375 0.7890625 0.39375 0.78125 0.3921875 0.771875 0.3859375 0.7578125 0.3828125 0.7484375 0.371875 0.746875 0.346875 0.759375 0.321875 0.7640625 0.31875
0 0.0625 0.2125 0.065625 0.2265625 0.0625 0.234375 0.059375 0.2359375 0.05 0.234375 0.0484375 0.225 0.05 0.2140625 0.0609375 0.2125
0 0.3125 0.146875 0.328125 0.1625 0.328125 0.1734375 0.3171875 0.1796875 0.3078125 0.18125 0.2890625 0.1796875 0.2859375 0.171875 0.2859375 0.1546875 0.2890625 0.15 0.3109375 0.146875
0 0.1375 0.1375 0.14375 0.1390625 0.1515625 0.1515625 0.1515625 0.1578125 0.1421875 0.1640625 0.13125 0.1609375 0.1296875 0.1578125 0.1296875 0.1421875 0.1359375 0.1375
0 0.6390625 0.5375 0.66875 0.5640625 0.6859375 0.5875 0.6859375 0.609375 0.675 0.63125 0.671875 0.64375 0.66875 0.646875 0.6578125 0.6484375 0.6453125 0.6484375 0.6375 0.634375 0.628125 0.625 0.6234375 0.6234375 0.5953125 0.6015625 0.584375 0.5984375 0.5734375 0.584375 0.575 0.5546875 0.5890625 0.5375 0.596875 0.5328125 0.625 0.534375 0.6375 0.5375
0 0.0234375 0.203125 0.0265625 0.2078125 0.0265625 0.2171875 0.021875 0.2234375 0.0140625 0.2234375 0.0125 0.2171875 0.0140625 0.20625 0.0171875 0.203125 0.021875 0.203125
0 0.14375 0.35 0.1578125 0.3515625 0.1640625 0.3640625 0.1640625 0.396875 0.1390625 0.4078125 0.134375 0.39375 0.1359375 0.3625 0.14375 0.3515625
0 0.0984375 0.30625 0.1015625 0.3140625 0.1 0.315625 0.1015625 0.3234375 0.10625 0.321875 0.1078125 0.3109375 0.1125 0.3125 0.11875 0.321875 0.1203125 0.3390625 0.1171875 0.346875 0.1125 0.35 0.10625 0.3375 0.1046875 0.3390625 0.10625 0.35 0.1046875 0.35625 0.1 0.3546875 0.0921875 0.346875 0.0875 0.3265625 0.0921875 0.31875 0.0890625 0.3109375 0.0921875 0.3125 0.096875 0.3078125
0 0.26875 0.15625 0.2765625 0.165625 0.278125 0.184375 0.275 0.1890625 0.2671875 0.1921875 0.2515625 0.1890625 0.246875 0.184375 0.2484375 0.1625 0.2578125 0.1546875 0.2671875 0.15625
0 0.0609375 0.2828125 0.0703125 0.2921875 0.0703125 0.3015625 0.0578125 0.3140625 0.0515625 0.3078125 0.05 0.2921875 0.0515625 0.2859375 0.0546875 0.2828125 0.059375 0.2828125
0 0.4109375 0.3 0.4140625 0.3046875 0.4140625 0.3140625 0.4109375 0.3203125 0.4078125 0.3234375 0.4015625 0.3234375 0.3875 0.3296875 0.384375 0.3296875 0.3796875 0.3203125 0.3703125 0.3109375 0.365625 0.309375 0.3625 0.2875 0.378125 0.275 0.390625 0.2734375 0.396875 0.2765625 0.409375 0.3
0 0.3765625 0.175 0.384375 0.184375 0.39375 0.1890625 0.39375 0.20625 0.3796875 0.2140625 0.3671875 0.209375 0.3515625 0.209375 0.3484375 0.2 0.3515625 0.1796875 0.3546875 0.175 0.36875 0.1734375 0.375 0.175
0 0.6265625 0.09375 0.6265625 0.128125 0.6109375 0.13125 0.60625 0.121875 0.6109375 0.1 0.615625 0.0953125 0.621875 0.096875 0.625 0.0953125