0 0.7453125 0.1671875 0.75 0.171875 0.7515625 0.1796875 0.7421875 0.1875 0.734375 0.2015625 0.728125 0.2015625 0.721875 0.196875 0.7203125 0.18125 0.7328125 0.16875 0.74375 0.1671875
0 0.9828125 0.215625 0.9875 0.2203125 0.984375 0.234375 0.9796875 0.2328125 0.975 0.2265625 0.9765625 0.2171875 0.98125 0.215625
0 0.828125 0.175 0.834375 0.1828125 0.834375 0.1921875 0.8296875 0.203125 0.8203125 0.203125 0.8125 0.2 0.809375 0.1984375 0.8078125 0.19375 0.8125 0.1796875 0.815625 0.1765625 0.8265625 0.175
0 0.8453125 0.175 0.85625 0.1765625 0.859375 0.1796875 0.859375 0.196875 0.8578125 0.1984375 0.8421875 0.1984375 0.840625 0.196875 0.8375 0.1859375 0.840625 0.178125 0.84375 0.1765625
0 0.0515625 0.9515625 0.059375 0.9546875 0.0671875 0.9625 0.0734375 0.98125 0.075 0.9984375 0.0015625 0.9984375 0 0.996875 0 0.9796875 0.0046875 0.975 0.0140625 0.9671875 0.0328125 0.959375 0.0390625 0.953125 0.05 0.9515625
0 0.840625 0.1578125 0.84375 0.15625 0.8484375 0.1578125 0.85625 0.1671875 0.8546875 0.175 0.84375 0.1765625 0.8375 0.184375 0.83125 0.175 0.83125 0.1703125 0.840625 0.159375
0 0.8234375 0.1625 0.8265625 0.165625 0.8265625 0.1734375 0.8171875 0.178125 0.8109375 0.184375 0.80625 0.18125 0.8078125 0.1625 0.809375 0.1609375 0.821875 0.1625
0 0.840625 0.3515625 0.8546875 0.35 0.8640625 0.3625 0.8625 0.3640625 0.8625 0.3859375 0.8640625 0.3875 0.8625 0.4 0.8609375 0.40625 0.8546875 0.4078125 0.834375 0.396875 0.834375 0.365625 0.840625 0.353125
0 0.9 0.30625 0.909375 0.325 0.90625 0.334375 0.90625 0.3453125 0.903125 0.3484375 0.896875 0.35 0.8953125 0.3484375 0.8953125 0.3296875 0.89375 0.328125 0.890625 0.3296875 0.8859375 0.35 0.878125 0.340625 0.878125 0.328125 0.8828125 0.3171875 0.8859375 0.3125 0.890625 0.3109375 0.8921875 0.3234375 0.896875 0.325 0.9 0.3078125
0 0.9390625 0.29765625 0.021875 0.034375
0 0.7734375 0.159375 0.7796875 0.1640625 0.7828125 0.178125 0.778125 0.19375 0.775 0.19375 0.76875 0.184375 0.7609375 0.1796875 0.759375 0.175 0.759375 0.165625 0.76875 0.1578125 0.771875 0.159375
0 0.7625 0.18125 0.7703125 0.1890625 0.7703125 0.203125 0.7640625 0.2171875 0.75625 0.21875 0.740625 0.2109375 0.7375 0.1984375 0.75 0.18125 0.7609375 0.18125
0 0.871875 0.15625 0.875 0.159375 0.8765625 0.171875 0.8734375 0.1796875 0.8625 0.1765625 0.8578125 0.16875 0.859375 0.1625 0.865625 0.15625 0.8703125 0.15625
0 0.70625 0.15 0.7171875 0.1578125 0.7203125 0.1671875 0.7171875 0.1828125 0.6953125 0.1859375 0.6875 0.1796875 0.6890625 0.165625 0.7046875 0.1515625
0 0.8015625 0.1796875 0.80625 0.184375 0.8078125 0.1984375 0.8046875 0.2078125 0.8 0.2109375 0.7859375 0.209375 0.78125 0.1984375 0.78125 0.1921875 0.7875 0.1828125 0.79375 0.178125 0.8 0.1796875
1 0 0.8390625 0.003125 0.84375 0.0125 0.88125 0.0109375 0.9078125 0.00625 0.915625 0 0.915625 0 0.840625
1 0.67265625 0.1671875 0.0171875 0.0234375
3 0.7421875 0.146875 0.7484375 0.153125 0.746875 0.1671875 0.7359375 0.165625 0.728125 0.1734375 0.721875 0.171875 0.7203125 0.1546875 0.7265625 0.146875 0.740625 0.146875