0 0.2640625 0.5265625 0.26875 0.534375 0.2734375 0.5375 0.278125 0.55 0.278125 0.5734375 0.2734375 0.5765625 0.26875 0.5890625 0.265625 0.590625 0.25625 0.5890625 0.2484375 0.5984375 0.2296875 0.6109375 0.2140625 0.6265625 0.2109375 0.634375 0.20625 0.6390625 0.2015625 0.6390625 0.1984375 0.6359375 0.1921875 0.640625 0.184375 0.6390625 0.1765625 0.6328125 0.16875 0.6046875 0.16875 0.5890625 0.1765625 0.575 0.1796875 0.5734375 0.190625 0.55625 0.2125 0.5375 0.2171875 0.5375 0.2234375 0.5328125 0.23125 0.5328125 0.24375 0.525 0.2609375 0.525 0.2625 0.5265625
0 0.0828125 0.5734375 0.0875 0.575 0.0953125 0.59375 0.096875 0.6015625 0.0953125 0.63125 0.0859375 0.640625 0.0828125 0.6484375 0.078125 0.6515625 0.0734375 0.6515625 0.03125 0.6859375 0.0265625 0.696875 0.0140625 0.7 0.009375 0.6984375 0.0046875 0.690625 0.0015625 0.665625 0.0015625 0.6546875 0.009375 0.6375 0.021875 0.628125 0.028125 0.6125 0.0421875 0.590625 0.0609375 0.5765625 0.08125 0.5734375
0 0.0953125 0.4265625 0.1 0.4515625 0.1046875 0.4609375 0.103125 0.4625 0.1046875 0.4921875 0.0984375 0.5 0.09375 0.5109375 0.090625 0.5125 0.0765625 0.5109375 0.065625 0.5203125 0.053125 0.5265625 0.0421875 0.5484375 0.025 0.5484375 0.0234375 0.5453125 0.0203125 0.5234375 0.0265625 0.490625 0.0375 0.471875 0.0390625 0.4625 0.05 0.45 0.0765625 0.4328125 0.0890625 0.4265625 0.09375 0.4265625
0 0.9234375 0.2890625 0.928125 0.3046875 0.934375 0.3125 0.934375 0.31875 0.9296875 0.328125 0.925 0.328125 0.9203125 0.3234375 0.9171875 0.33125 0.9140625 0.33125 0.909375 0.321875 0.9078125 0.303125 0.9140625 0.29375 0.921875 0.2890625
0 0.9453125 0.23125 0.953125 0.2375 0.9515625 0.2546875 0.9484375 0.2578125 0.94375 0.2578125 0.9390625 0.253125 0.934375 0.2421875 0.934375 0.2375 0.94375 0.2328125
0 0.86875 0.2203125 0.8703125 0.2234375 0.8765625 0.225 0.878125 0.2296875 0.878125 0.2421875 0.871875 0.2515625 0.8640625 0.2515625 0.8578125 0.2484375 0.8515625 0.2390625 0.8546875 0.2234375 0.8625 0.2171875 0.8671875 0.2203125
0 0.859375 0.3546875 0.8640625 0.3609375 0.8625 0.365625 0.8640625 0.39375 0.8609375 0.40625 0.8578125 0.409375 0.834375 0.3984375 0.8328125 0.39375 0.834375 0.3640625 0.8375 0.3546875 0.84375 0.35 0.8546875 0.35 0.8578125 0.3546875
0 0.896875 0.3515625 0.89375 0.3265625 0.8890625 0.334375 0.8875 0.346875 0.884375 0.3484375 0.8796875 0.3421875 0.8796875 0.3234375 0.8859375 0.3125 0.9 0.3078125 0.909375 0.31875 0.9109375 0.3359375 0.9078125 0.346875 0.8984375 0.35
0 0.921875 0.2625 0.925 0.2734375 0.921875 0.2859375 0.909375 0.2859375 0.903125 0.2796875 0.9015625 0.275 0.903125 0.2640625 0.9078125 0.2578125 0.915625 0.2578125 0.9203125 0.2625
0 0.9390625 0.2984375 0.02109375 0.03359375
0 0.2671875 0.296875 0.271875 0.3 0.2765625 0.3125 0.2765625 0.3375 0.271875 0.3515625 0.2640625 0.3578125 0.2609375 0.35625 0.253125 0.3609375 0.2453125 0.3625 0.21875 0.3765625 0.2109375 0.3765625 0.20625 0.371875 0.203125 0.35 0.2078125 0.3390625 0.2375 0.30625 0.246875 0.3 0.265625 0.296875
0 0.628125 0.7046875 0.64375 0.7125 0.659375 0.7296875 0.6609375 0.7390625 0.6640625 0.74375 0.6640625 0.7640625 0.659375 0.78125 0.6546875 0.7890625 0.6515625 0.7921875 0.64375 0.79375 0.640625 0.7984375 0.6328125 0.803125 0.615625 0.8328125 0.6046875 0.8421875 0.6 0.859375 0.5828125 0.8734375 0.5578125 0.8484375 0.5484375 0.8328125 0.5453125 0.825 0.5453125 0.7921875 0.5703125 0.7453125 0.6015625 0.7140625 0.615625 0.7125 0.621875 0.70625 0.6265625 0.7046875
0 0.934375 0.1953125 0.940625 0.203125 0.9390625 0.21875 0.934375 0.2203125 0.921875 0.2109375 0.9234375 0.2015625 0.9328125 0.196875
0 0.55625 0.2578125 0.571875 0.2625 0.5765625 0.271875 0.5765625 0.3015625 0.56875 0.315625 0.5671875 0.325 0.5640625 0.3265625 0.5609375 0.3234375 0.5375 0.3234375 0.5359375 0.3203125 0.5359375 0.290625 0.5421875 0.2671875 0.5484375 0.259375 0.5546875 0.259375
0 0.8609375 0.2703125 0.875 0.2875 0.875 0.296875 0.871875 0.3078125 0.86875 0.3109375 0.8546875 0.3125 0.8453125 0.309375 0.840625 0.303125 0.840625 0.2875 0.846875 0.275 0.8515625 0.271875 0.859375 0.271875