0 0.03125 0.975 0.0390625 0.9828125 0.04375 0.9984375 0 0.9984375 0 0.9953125 0.015625 0.98125 0.0296875 0.9765625
0 0.865625 0.1390625 0.86875 0.1453125 0.86875 0.1578125 0.859375 0.165625 0.85625 0.165625 0.8484375 0.159375 0.8484375 0.1484375 0.8546875 0.140625 0.8640625 0.1390625
0 0.815625 0.2875 0.8203125 0.290625 0.8265625 0.303125 0.8265625 0.3109375 0.8234375 0.3171875 0.8109375 0.31875 0.8 0.325 0.7953125 0.321875 0.7921875 0.315625 0.7828125 0.3109375 0.7796875 0.3046875 0.78125 0.2875 0.784375 0.2796875 0.7890625 0.275 0.803125 0.275 0.8140625 0.2875
0 0.0484375 0.4375 0.05625 0.4609375 0.05625 0.484375 0.0515625 0.4953125 0.040625 0.5015625 0.034375 0.509375 0.0265625 0.5109375 0.021875 0.515625 0.0125 0.5171875 0.0046875 0.5234375 0 0.5203125 0 0.4890625 0.003125 0.475 0.0125 0.4609375 0.0171875 0.440625 0.0359375 0.428125 0.040625 0.428125 0.046875 0.4375
0 0.83125 0.15625 0.8375 0.1609375 0.8375 0.18125 0.8328125 0.1859375 0.8265625 0.1859375 0.8203125 0.1828125 0.8140625 0.1734375 0.815625 0.1640625 0.821875 0.1578125 0.8296875 0.15625
0 0.8 0.1625 0.803125 0.1703125 0.803125 0.1859375 0.7984375 0.1890625 0.784375 0.1890625 0.778125 0.18125 0.7796875 0.171875 0.790625 0.1640625 0.7984375 0.1625
0 0.7671875 0.1828125 0.7734375 0.1921875 0.7734375 0.2078125 0.76875 0.215625 0.7609375 0.2125 0.75625 0.2171875 0.75 0.2171875 0.740625 0.2109375 0.740625 0.1921875 0.74375 0.1875 0.7578125 0.1859375 0.765625 0.1828125
0 0.7640625 0.1625 0.76875 0.178125 0.7671875 0.1828125 0.7515625 0.1890625 0.74375 0.1890625 0.740625 0.19375 0.7359375 0.184375 0.7359375 0.1734375 0.740625 0.1640625 0.753125 0.1609375 0.7625 0.1625
0 0.45 0.1671875 0.4578125 0.178125 0.465625 0.2015625 0.4671875 0.2140625 0.4640625 0.2265625 0.4453125 0.2265625 0.4375 0.20625 0.4390625 0.1765625 0.4484375 0.1671875
0 0.9390625 0.2984375 0.02109375 0.03359375
0 0.7015625 0.15 0.70625 0.15625 0.70625 0.1796875 0.7046875 0.1828125 0.690625 0.18125 0.6859375 0.1859375 0.671875 0.18125 0.6671875 0.1734375 0.6671875 0.1671875 0.6765625 0.1578125 0.6796875 0.15 0.7 0.15
0 0.8859375 0.31875 0.890625 0.325 0.8875 0.3484375 0.8828125 0.3484375 0.8796875 0.34375 0.8796875 0.33125 0.884375 0.3203125
0 0.8546875 0.35 0.8625 0.3609375 0.8625 0.384375 0.8640625 0.3859375 0.8609375 0.40625 0.8578125 0.409375 0.8359375 0.3984375 0.834375 0.3953125 0.834375 0.378125 0.8375 0.3578125 0.8421875 0.3515625 0.853125 0.35
0 0.790625 0.1453125 0.7953125 0.15 0.796875 0.1609375 0.7859375 0.165625 0.78125 0.171875 0.775 0.171875 0.7703125 0.1671875 0.7671875 0.1578125 0.7703125 0.1515625 0.7796875 0.14375 0.7890625 0.1453125
1 0.7234375 0.175 0.7265625 0.1765625 0.728125 0.18125 0.725 0.1984375 0.7234375 0.2 0.715625 0.1984375 0.715625 0.1828125 0.721875 0.1765625