0 0.0984375 0.3046875 0.1015625 0.309375 0.109375 0.309375 0.11875 0.3234375 0.1203125 0.3375 0.1171875 0.34375 0.1125 0.346875 0.1078125 0.3296875 0.1046875 0.328125 0.1015625 0.3328125 0.0953125 0.321875 0.09375 0.3109375 0.096875 0.30625
0 0.0453125 0.2234375 0.053125 0.2296875 0.05625 0.2390625 0.0546875 0.246875 0.05 0.2515625 0.04375 0.2484375 0.0359375 0.25 0.034375 0.2359375 0.0359375 0.225 0.04375 0.2234375
0 0.5921875 0.2484375 0.5953125 0.253125 0.60625 0.2578125 0.6109375 0.2578125 0.615625 0.2546875 0.625 0.2546875 0.64375 0.2765625 0.646875 0.2875 0.646875 0.2984375 0.64375 0.3046875 0.63125 0.3109375 0.625 0.3109375 0.615625 0.2984375 0.6 0.2890625 0.5921875 0.2890625 0.584375 0.278125 0.584375 0.2640625 0.5921875 0.25
0 0.99375 0.8203125 0.9953125 0.828125 0.9984375 0.83125 0.9984375 0.875 0.996875 0.8765625 0.9984375 0.878125 0.9984375 0.925 0.990625 0.9234375 0.9828125 0.915625 0.975 0.91875 0.96875 0.9171875 0.9640625 0.909375 0.9578125 0.8875 0.959375 0.8640625 0.96875 0.8390625 0.9796875 0.825 0.984375 0.821875 0.9921875 0.821875
0 0.0609375 0.2984375 0.021875 0.03359375
0 0.28125 0.2875 0.29375 0.29375 0.3 0.3015625 0.3 0.3171875 0.296875 0.325 0.2796875 0.3359375 0.2453125 0.3359375 0.2375 0.340625 0.23125 0.3390625 0.2265625 0.334375 0.228125 0.315625 0.2390625 0.303125 0.2453125 0.3 0.2515625 0.3 0.2609375 0.2890625 0.2796875 0.2875
0 0.4578125 0.2109375 0.4609375 0.2125 0.4671875 0.2296875 0.4671875 0.2484375 0.4625 0.2546875 0.4578125 0.253125 0.44375 0.2546875 0.4359375 0.2734375 0.43125 0.2734375 0.428125 0.2703125 0.4203125 0.271875 0.4140625 0.2703125 0.4125 0.253125 0.428125 0.225 0.4390625 0.2125 0.446875 0.209375 0.45625 0.2109375
0 0.26875 0.171875 0.2734375 0.175 0.2765625 0.1921875 0.2734375 0.1984375 0.2671875 0.1984375 0.2609375 0.203125 0.2484375 0.196875 0.24375 0.175 0.25 0.1671875 0.25625 0.1640625 0.2609375 0.1640625 0.2671875 0.171875
0 0.14375 0.1515625 0.1515625 0.15625 0.1578125 0.1671875 0.1578125 0.1765625 0.15 0.1828125 0.1390625 0.1828125 0.1359375 0.178125 0.134375 0.1578125 0.1375 0.153125 0.1421875 0.1515625
0 0.0953125 0.153125 0.1 0.1640625 0.096875 0.1703125 0.0921875 0.1734375 0.0859375 0.1734375 0.08125 0.1625 0.08125 0.1515625 0.090625 0.15 0.09375 0.153125
0 0.15 0.37890625 0.03046875 0.05859375
0 0.1125 0.15 0.11875 0.1546875 0.121875 0.1625 0.1203125 0.1734375 0.1125 0.1765625 0.1078125 0.1765625 0.1015625 0.16875 0.1015625 0.1546875 0.1109375 0.15
0 0.5921875 0.24375 0.5984375 0.240625 0.615625 0.240625 0.621875 0.25 0.61875 0.25625 0.6109375 0.259375 0.603125 0.259375 0.596875 0.25625 0.5890625 0.25625 0.5890625 0.25 0.5921875 0.2453125
0 0.1890625 0.1875 0.196875 0.2 0.196875 0.2140625 0.190625 0.2203125 0.1765625 0.2203125 0.1703125 0.2140625 0.1703125 0.2 0.1734375 0.1921875 0.1796875 0.1875 0.1875 0.1875
0 0.5515625 0.18125 0.55625 0.1875 0.5609375 0.2109375 0.5625 0.2234375 0.5625 0.246875 0.5609375 0.2484375 0.5546875 0.2453125 0.5390625 0.2484375 0.5359375 0.2390625 0.540625 0.1875 0.55 0.18125
0 0.240625 0.1734375 0.246875 0.1984375 0.240625 0.209375 0.234375 0.2109375 0.23125 0.2109375 0.228125 0.2 0.221875 0.1953125 0.221875 0.184375 0.228125 0.175 0.2359375 0.171875 0.2390625 0.1734375
0 0.13125 0.1375 0.1375 0.1375 0.146875 0.1421875 0.15 0.1484375 0.15 0.15625 0.1484375 0.1546875 0.1328125 0.15625 0.1296875 0.153125 0.13125 0.1390625
0 0.5015625 0.159375 0.5 0.14375 0.503125 0.1328125 0.5078125 0.1265625 0.521875 0.1265625 0.5328125 0.1375 0.5328125 0.1484375 0.528125 0.1546875 0.51875 0.1609375 0.503125 0.159375
0 0.1 0.325 0.10625 0.3375 0.109375 0.325 0.1171875 0.33125 0.11875 0.3375 0.115625 0.3484375 0.1109375 0.346875 0.109375 0.340625 0.10625 0.3421875 0.1046875 0.35625 0.1015625 0.35625 0.096875 0.35 0.090625 0.3484375 0.084375 0.3265625 0.090625 0.315625 0.0953125 0.31875 0.0984375 0.325
0 0.56875 0.153125 0.575 0.15625 0.578125 0.1625 0.578125 0.1890625 0.5640625 0.203125 0.559375 0.1984375 0.5578125 0.1890625 0.5515625 0.18125 0.5515625 0.175 0.55625 0.15625 0.559375 0.153125 0.5671875 0.153125
0 0.2203125 0.2 0.228125 0.203125 0.23125 0.2171875 0.228125 0.2234375 0.2234375 0.225 0.2171875 0.23125 0.209375 0.2265625 0.203125 0.2265625 0.2 0.2234375 0.196875 0.21875 0.196875 0.2015625 0.209375 0.1921875 0.2140625 0.1921875 0.21875 0.2
2 0.2171875 0.153125 0.2203125 0.1515625 0.23125 0.153125 0.234375 0.15625 0.2359375 0.1703125 0.225 0.1765625 0.2203125 0.18125 0.2203125 0.1859375 0.209375 0.190625 0.2046875 0.196875 0.1984375 0.19375 0.1953125 0.175 0.1953125 0.159375 0.1984375 0.1546875 0.209375 0.1546875 0.215625 0.16875 0.21875 0.1671875 0.2171875 0.1546875
2 0.6109375 0.0953125 0.6140625 0.0984375 0.6140625 0.1359375 0.609375 0.146875 0.5953125 0.1625 0.5796875 0.1609375 0.578125 0.1578125 0.578125 0.13125 0.58125 0.125 0.58125 0.1140625 0.5828125 0.1078125 0.5953125 0.0953125 0.6 0.09375 0.609375 0.0953125