0 0.0984375 0.3046875 0.103125 0.3125 0.10625 0.3109375 0.1125 0.3125 0.11875 0.321875 0.1203125 0.340625 0.115625 0.3484375 0.1109375 0.3484375 0.10625 0.3328125 0.103125 0.3375 0.1015625 0.3515625 0.09375 0.3484375 0.0921875 0.3453125 0.0890625 0.3296875 0.0890625 0.321875 0.0921875 0.3171875 0.0890625 0.309375 0.0953125 0.309375 0.096875 0.30625
0 0.0109375 0.2015625 0.0140625 0.2109375 0.0140625 0.2234375 0.0078125 0.225 0.0046875 0.221875 0.0046875 0.2109375 0.009375 0.203125
0 0.621875 0.2546875 0.640625 0.2640625 0.6453125 0.26875 0.653125 0.284375 0.6625 0.29375 0.6640625 0.3203125 0.65625 0.328125 0.6484375 0.3296875 0.6375 0.3234375 0.63125 0.3234375 0.61875 0.3171875 0.6046875 0.3171875 0.596875 0.309375 0.5953125 0.3 0.596875 0.275 0.609375 0.25625 0.6203125 0.2546875
0 0.6265625 0.096875 0.6265625 0.1265625 0.615625 0.13125 0.609375 0.13125 0.6046875 0.1171875 0.609375 0.1078125 0.609375 0.1015625 0.615625 0.0953125 0.625 0.096875
0 0.2140625 0.2328125 0.21875 0.2375 0.2234375 0.2359375 0.2265625 0.2375 0.2265625 0.2484375 0.221875 0.2609375 0.2109375 0.2703125 0.2015625 0.2734375 0.1953125 0.2734375 0.19375 0.265625 0.1859375 0.25625 0.1859375 0.246875 0.19375 0.2375 0.20625 0.23125 0.2125 0.2328125
0 0.184375 0.25625 0.1921875 0.2671875 0.1921875 0.2890625 0.18125 0.2953125 0.178125 0.2953125 0.171875 0.2859375 0.1609375 0.29375 0.1578125 0.2859375 0.1578125 0.2734375 0.1640625 0.2640625 0.1734375 0.25625 0.1765625 0.2546875 0.1828125 0.25625
0 0.2453125 0.1625 0.2484375 0.1640625 0.2515625 0.1703125 0.253125 0.1796875 0.25 0.1859375 0.2421875 0.1890625 0.2359375 0.1859375 0.228125 0.1859375 0.2234375 0.1828125 0.221875 0.1625 0.225 0.1578125 0.2390625 0.1578125 0.24375 0.1625
0 0.0578125 0.28125 0.071875 0.2953125 0.06875 0.3046875 0.059375 0.3140625 0.053125 0.3109375 0.05 0.2921875 0.05625 0.2828125
0 0.14375 0.35 0.1578125 0.3515625 0.1625 0.3625 0.1640625 0.378125 0.1625 0.3984375 0.140625 0.409375 0.1375 0.40625 0.134375 0.39375 0.1359375 0.3609375 0.14375 0.3515625
0 0.6546875 0.0171875 0.65625 0.0265625 0.653125 0.03125 0.64375 0.0296875 0.6453125 0.0171875 0.646875 0.015625 0.653125 0.0171875
0 0.1953125 0.1546875 0.1984375 0.1609375 0.1984375 0.1703125 0.196875 0.1734375 0.1890625 0.1765625 0.178125 0.1765625 0.175 0.1734375 0.175 0.1609375 0.178125 0.1578125 0.19375 0.1546875
0 0.08125 0.24140625 0.02421875 0.028125
0 0.1359375 0.14375 0.1453125 0.1421875 0.1515625 0.15 0.1515625 0.1578125 0.140625 0.165625 0.134375 0.1609375 0.1328125 0.1546875 0.1359375 0.1453125
0 0.409375 0.2890625 0.425 0.3046875 0.425 0.309375 0.4296875 0.315625 0.4296875 0.325 0.421875 0.334375 0.4125 0.3375 0.4078125 0.3421875 0.4046875 0.340625 0.396875 0.3453125 0.39375 0.3359375 0.3734375 0.321875 0.3671875 0.3109375 0.3671875 0.3046875 0.371875 0.2953125 0.3890625 0.2875 0.4015625 0.2859375 0.4078125 0.2890625
0 0.0296875 0.1890625 0.0328125 0.1921875 0.0328125 0.1984375 0.0234375 0.2078125 0.0171875 0.2078125 0.015625 0.196875 0.01875 0.190625 0.025 0.1875 0.028125 0.1890625
0 0.309375 0.146875 0.3171875 0.15 0.328125 0.1625 0.328125 0.1734375 0.31875 0.1796875 0.30625 0.18125 0.2921875 0.178125 0.2859375 0.171875 0.2859375 0.15625 0.2890625 0.15 0.3078125 0.1484375
0 0.5984375 0.1140625 0.603125 0.11875 0.603125 0.1296875 0.60625 0.1375 0.6046875 0.1484375 0.6 0.153125 0.5953125 0.153125 0.5921875 0.1484375 0.584375 0.1453125 0.584375 0.134375 0.59375 0.115625 0.596875 0.1140625
0 0.6203125 0.0359375 0.6234375 0.0375 0.6265625 0.0453125 0.6265625 0.0578125 0.6234375 0.0609375 0.61875 0.0609375 0.6140625 0.0578125 0.6125 0.0453125 0.61875 0.0375
1 0.9984375 0.475 0.9984375 0.521875 0.99375 0.5171875 0.99375 0.4859375 0.9984375 0.4765625