0 0.3796875 0.09375 0.384375 0.096875 0.390625 0.1125 0.390625 0.1171875 0.3828125 0.128125 0.3734375 0.1234375 0.36875 0.103125 0.3703125 0.096875 0.378125 0.09375
0 0.95 0.2078125 0.95625 0.2125 0.95625 0.2296875 0.95 0.2359375 0.9453125 0.2359375 0.934375 0.2265625 0.9375 0.2140625 0.9484375 0.2078125
0 0.865625 0.1375 0.86875 0.1453125 0.86875 0.15625 0.865625 0.1609375 0.8578125 0.165625 0.846875 0.1578125 0.846875 0.1515625 0.8546875 0.1390625 0.8640625 0.1375
0 0.425 0.12578125 0.02578125 0.0375
0 0.9015625 0.2515625 0.02734375 0.028125
0 0.9796875 0.2 0.9859375 0.2109375 0.9828125 0.221875 0.978125 0.221875 0.971875 0.215625 0.9703125 0.2109375 0.971875 0.203125 0.978125 0.2015625
0 0.8546875 0.35 0.8625 0.3625 0.8625 0.378125 0.8640625 0.3796875 0.8640625 0.3921875 0.859375 0.4078125 0.8546875 0.4078125 0.8359375 0.3984375 0.834375 0.3953125 0.834375 0.378125 0.8375 0.3578125 0.8421875 0.3515625 0.853125 0.35
0 0.76875 0.2875 0.771875 0.296875 0.78125 0.30625 0.784375 0.315625 0.784375 0.328125 0.7796875 0.334375 0.76875 0.3375 0.7640625 0.34375 0.753125 0.3421875 0.75 0.3390625 0.740625 0.325 0.740625 0.3125 0.74375 0.3 0.746875 0.2984375 0.7515625 0.2890625 0.7640625 0.2859375 0.7671875 0.2875
0 0.9140625 0.2984375 0.9125 0.3109375 0.90625 0.315625 0.909375 0.3234375 0.90625 0.33125 0.9078125 0.3359375 0.90625 0.34375 0.903125 0.346875 0.9 0.340625 0.8953125 0.340625 0.8921875 0.3484375 0.8890625 0.35 0.8828125 0.3484375 0.878125 0.3390625 0.878125 0.328125 0.8859375 0.3125 0.8890625 0.3109375 0.896875 0.3125 0.9 0.30625 0.9046875 0.3125 0.9078125 0.3125 0.909375 0.3015625 0.9125 0.3
0 0.9390625 0.29765625 0.02109375 0.034375
0 0.4171875 0.0921875 0.425 0.0953125 0.428125 0.1 0.43125 0.1 0.4359375 0.1390625 0.43125 0.14375 0.415625 0.1421875 0.4140625 0.125 0.40625 0.1125 0.40625 0.1015625 0.4109375 0.09375 0.415625 0.09375
0 0.61875 0.340625 0.653125 0.3609375 0.653125 0.3796875 0.65 0.39375 0.6453125 0.39375 0.6359375 0.3984375 0.6234375 0.409375 0.61875 0.41875 0.615625 0.41875 0.6078125 0.4109375 0.6015625 0.4109375 0.5921875 0.4046875 0.5875 0.3984375 0.5875 0.3765625 0.5984375 0.3515625 0.609375 0.3421875 0.6171875 0.340625
0 0.440625 0.084375 0.4453125 0.0875 0.4484375 0.1 0.4484375 0.109375 0.4453125 0.115625 0.4359375 0.115625 0.434375 0.1125 0.4328125 0.0875 0.4390625 0.084375
0 0.4046875 0.115625 0.4109375 0.125 0.4140625 0.1453125 0.4078125 0.1484375 0.40625 0.1546875 0.403125 0.15625 0.3953125 0.1546875 0.3921875 0.1515625 0.3875 0.134375 0.390625 0.1203125 0.3953125 0.115625 0.403125 0.115625
2 0.5609375 0.7046875 0.5734375 0.7140625 0.5875 0.71875 0.61875 0.75 0.625 0.7625 0.6265625 0.775 0.621875 0.81875 0.6171875 0.8359375 0.6125 0.840625 0.6125 0.84375 0.6015625 0.8546875 0.590625 0.8734375 0.5828125 0.8796875 0.571875 0.896875 0.565625 0.9015625 0.5578125 0.91875 0.5515625 0.9265625 0.55 0.934375 0.534375 0.9546875 0.525 0.9765625 0.5203125 0.9828125 0.509375 0.9859375 0.4984375 0.9984375 0.446875 0.9984375 0.4390625 0.9953125 0.425 0.9796875 0.4203125 0.971875 0.41875 0.953125 0.4140625 0.9421875 0.409375 0.8515625 0.45 0.803125 0.45625 0.7984375 0.459375 0.7921875 0.49375 0.7609375 0.534375 0.709375 0.559375 0.7046875