0 0.0984375 0.30625 0.1015625 0.3125 0.1046875 0.3109375 0.1125 0.3125 0.11875 0.3234375 0.11875 0.3390625 0.115625 0.3453125 0.1125 0.3484375 0.1109375 0.3359375 0.1078125 0.3296875 0.0953125 0.3234375 0.09375 0.3125 0.096875 0.3078125
0 0.14375 0.35 0.15625 0.3515625 0.1609375 0.35625 0.1640625 0.365625 0.1640625 0.396875 0.14375 0.4078125 0.1390625 0.4078125 0.134375 0.3921875 0.1359375 0.3609375 0.14375 0.3515625
0 0.240625 0.171875 0.246875 0.1921875 0.246875 0.2 0.2375 0.2109375 0.2296875 0.2109375 0.225 0.2 0.2203125 0.1953125 0.2203125 0.184375 0.2265625 0.175 0.2359375 0.1703125 0.2390625 0.171875
0 0.99375 0.821875 0.9953125 0.8296875 0.9984375 0.8328125 0.9984375 0.875 0.996875 0.8765625 0.9984375 0.878125 0.9984375 0.9265625 0.9890625 0.921875 0.98125 0.9140625 0.9703125 0.9171875 0.9640625 0.909375 0.9640625 0.903125 0.959375 0.896875 0.9578125 0.8890625 0.959375 0.8609375 0.96875 0.8375 0.9796875 0.825 0.984375 0.821875 0.9921875 0.821875
0 0.7921875 0.325 0.8046875 0.325 0.815625 0.33125 0.8265625 0.3421875 0.834375 0.3578125 0.8453125 0.365625 0.8484375 0.3765625 0.8484375 0.4078125 0.8453125 0.4140625 0.83125 0.4109375 0.8203125 0.4 0.8078125 0.3953125 0.7953125 0.3859375 0.7875 0.3859375 0.7796875 0.3734375 0.778125 0.353125 0.7921875 0.3265625
0 0.1921875 0.1953125 0.196875 0.2 0.196875 0.215625 0.1890625 0.221875 0.1796875 0.221875 0.1703125 0.215625 0.1703125 0.2 0.175 0.190625 0.1859375 0.190625 0.190625 0.1953125
0 0.1859375 0.1546875 0.1953125 0.159375 0.196875 0.1828125 0.1921875 0.1875 0.18125 0.1890625 0.175 0.1859375 0.175 0.1578125 0.178125 0.153125 0.184375 0.1546875
0 0.01875 0.2484375 0.015625 0.2375 0.0234375 0.2265625 0.028125 0.2265625 0.0328125 0.23125 0.0328125 0.2421875 0.025 0.2484375 0.0203125 0.2484375
0 0.5859375 0.228125 0.5953125 0.234375 0.6171875 0.2671875 0.6171875 0.2859375 0.6125 0.2890625 0.6046875 0.2875 0.5953125 0.2953125 0.575 0.2734375 0.571875 0.2734375 0.5703125 0.278125 0.5671875 0.278125 0.5609375 0.253125 0.5671875 0.23125 0.575 0.2265625 0.584375 0.228125
0 0.159375 0.153125 0.1640625 0.1578125 0.16875 0.171875 0.1625 0.1796875 0.15625 0.1828125 0.1453125 0.18125 0.1453125 0.175 0.140625 0.1625 0.146875 0.153125 0.1578125 0.153125
0 0.1078125 0.2546875 0.1125 0.2609375 0.1140625 0.275 0.10625 0.2859375 0.1015625 0.2859375 0.0921875 0.275 0.0921875 0.265625 0.0984375 0.2609375 0.1015625 0.2546875 0.10625 0.2546875
0 0.0609375 0.2984375 0.02109375 0.03359375
0 0.196875 0.2 0.209375 0.1921875 0.2140625 0.1921875 0.228125 0.20625 0.23125 0.2125 0.2296875 0.2234375 0.221875 0.2265625 0.2171875 0.23125 0.2125 0.23125 0.209375 0.2265625 0.203125 0.228125 0.2015625 0.2265625 0.196875 0.215625 0.1984375 0.2109375 0.196875 0.2015625
0 0.2625 0.165625 0.2734375 0.175 0.275 0.196875 0.2671875 0.1984375 0.2609375 0.203125 0.2484375 0.1953125 0.24375 0.178125 0.2453125 0.171875 0.25 0.1671875 0.2578125 0.1640625 0.2609375 0.165625
0 0.1015625 0.353125 0.090625 0.346875 0.0890625 0.3375 0.084375 0.3296875 0.084375 0.3234375 0.0875 0.31875 0.0953125 0.315625 0.0984375 0.3234375 0.103125 0.325 0.1046875 0.33125 0.103125 0.3515625
2 0.58125 0.115625 0.5890625 0.11875 0.590625 0.121875 0.5921875 0.1609375 0.5859375 0.1859375 0.56875 0.203125 0.55 0.203125 0.5484375 0.2015625 0.546875 0.1984375 0.5484375 0.165625 0.553125 0.146875 0.553125 0.1375 0.5703125 0.11875 0.5796875 0.115625