0 0.0984375 0.30625 0.1046875 0.3234375 0.1078125 0.321875 0.109375 0.3109375 0.1171875 0.3203125 0.1203125 0.3328125 0.1171875 0.346875 0.1125 0.35 0.1078125 0.346875 0.103125 0.35625 0.0953125 0.3484375 0.0921875 0.3484375 0.0875 0.33125 0.0875 0.3203125 0.0953125 0.3125 0.096875 0.3078125
0 0.1515625 0.35 0.1609375 0.35625 0.1640625 0.378125 0.1640625 0.396875 0.1515625 0.4015625 0.140625 0.409375 0.1375 0.40625 0.134375 0.3921875 0.1359375 0.384375 0.1359375 0.3640625 0.134375 0.3625 0.1453125 0.35 0.15 0.35
0 0.5953125 0.325 0.6140625 0.3375 0.6234375 0.35 0.6296875 0.3671875 0.634375 0.371875 0.6359375 0.3703125 0.6390625 0.371875 0.6421875 0.3765625 0.64375 0.3875 0.6421875 0.4109375 0.63125 0.421875 0.6203125 0.4234375 0.615625 0.4234375 0.609375 0.4125 0.603125 0.409375 0.59375 0.3984375 0.590625 0.3984375 0.5828125 0.3921875 0.575 0.390625 0.5671875 0.3765625 0.5671875 0.35625 0.575 0.3375 0.5859375 0.3265625 0.59375 0.325
0 0.0125 0.1625 0.015625 0.1671875 0.015625 0.175 0.009375 0.18125 0.0046875 0.178125 0.0046875 0.1640625 0.0109375 0.1625
0 0.984375 0.4359375 0.9984375 0.4453125 0.9984375 0.50625 0.9953125 0.50625 0.9859375 0.4984375 0.971875 0.4984375 0.9640625 0.4765625 0.965625 0.45 0.971875 0.4359375 0.9734375 0.434375 0.9828125 0.4359375
0 0.2296875 0.1828125 0.2359375 0.184375 0.2375 0.1875 0.2546875 0.1890625 0.259375 0.2 0.2578125 0.2109375 0.2484375 0.2171875 0.2421875 0.2171875 0.2375 0.2109375 0.2265625 0.2125 0.2234375 0.2 0.225 0.190625 0.2296875 0.184375
0 0.115625 0.1484375 0.1203125 0.15 0.125 0.1609375 0.1234375 0.1734375 0.115625 0.1765625 0.109375 0.175 0.1078125 0.1625 0.109375 0.15 0.1140625 0.1484375
0 0.0703125 0.225 0.078125 0.2234375 0.08125 0.2265625 0.0890625 0.2265625 0.090625 0.23125 0.090625 0.2359375 0.0859375 0.2421875 0.0703125 0.25 0.0609375 0.2421875 0.0609375 0.234375 0.0671875 0.23125 0.0703125 0.2265625
0 0.0609375 0.2984375 0.02109375 0.03359375
0 0.253125 0.1609375 0.2578125 0.1625 0.2625 0.178125 0.259375 0.1953125 0.2546875 0.1921875 0.240625 0.1890625 0.2296875 0.18125 0.2328125 0.165625 0.2359375 0.1625 0.2515625 0.1609375
0 0.1421875 0.1375 0.15 0.1484375 0.15 0.159375 0.140625 0.1640625 0.1328125 0.1609375 0.13125 0.1578125 0.13125 0.1421875 0.1328125 0.1390625 0.140625 0.1375
0 0.3265625 0.1609375 0.33125 0.1640625 0.33125 0.175 0.325 0.1828125 0.3203125 0.1828125 0.315625 0.1859375 0.3109375 0.1828125 0.2953125 0.1828125 0.2921875 0.1796875 0.290625 0.1734375 0.2921875 0.1515625 0.29375 0.15 0.3203125 0.15 0.325 0.1609375
0 0.1109375 0.3265625 0.1171875 0.334375 0.1171875 0.3453125 0.1125 0.35 0.1078125 0.3453125 0.10625 0.3546875 0.103125 0.3578125 0.0953125 0.35 0.090625 0.3484375 0.0859375 0.3296875 0.0859375 0.325 0.0921875 0.31875 0.0984375 0.325 0.1015625 0.325 0.10625 0.3375 0.1109375 0.3359375 0.1109375 0.328125
0 0.5546875 0.13125 0.5609375 0.1359375 0.5625 0.140625 0.5625 0.1578125 0.5515625 0.1734375 0.5484375 0.175 0.534375 0.175 0.53125 0.1625 0.5328125 0.1546875 0.5390625 0.146875 0.540625 0.1375 0.5453125 0.1328125 0.553125 0.13125
1 0.7515625 0.33125 0.7546875 0.3484375 0.759375 0.34375 0.7609375 0.3375 0.765625 0.3375 0.771875 0.346875 0.771875 0.3609375 0.76875 0.371875 0.7640625 0.371875 0.759375 0.3671875 0.7484375 0.3640625 0.7453125 0.3609375 0.74375 0.3328125 0.75 0.33125
1 0.278125 0.18671875 0.01484375 0.02890625
3 0.484375 0.1671875 0.4890625 0.171875 0.49375 0.184375 0.49375 0.209375 0.4890625 0.221875 0.484375 0.225 0.4765625 0.2234375 0.4703125 0.2265625 0.4625 0.23125 0.4546875 0.2421875 0.4390625 0.240625 0.4296875 0.234375 0.43125 0.209375 0.4421875 0.1875 0.45625 0.178125 0.4828125 0.1671875