0 0.4625 0.121875 0.4796875 0.1296875 0.4828125 0.1375 0.4828125 0.1484375 0.465625 0.1515625 0.4625 0.1484375 0.453125 0.146875 0.4484375 0.1421875 0.45 0.1296875 0.4546875 0.125 0.4609375 0.1234375
0 0.090625 0.7390625 0.09375 0.7390625 0.109375 0.7546875 0.1203125 0.790625 0.1203125 0.8078125 0.1125 0.828125 0.109375 0.83125 0.096875 0.828125 0.0953125 0.83125 0.0828125 0.8390625 0.059375 0.8609375 0.05625 0.8609375 0.0515625 0.865625 0.0515625 0.8734375 0.046875 0.88125 0.028125 0.8796875 0.0234375 0.8734375 0.0140625 0.834375 0.0140625 0.803125 0.0171875 0.7765625 0.03125 0.7625 0.034375 0.7625 0.05 0.75 0.0625 0.746875 0.078125 0.7546875 0.0890625 0.746875 0.090625 0.740625
0 0.8640625 0.140625 0.8671875 0.1546875 0.865625 0.159375 0.8578125 0.165625 0.853125 0.1609375 0.846875 0.159375 0.8453125 0.1546875 0.8515625 0.14375 0.8625 0.140625
0 0.9203125 0.3046875 0.02734375 0.0375
0 0.534375 0.20625 0.5453125 0.2171875 0.5484375 0.234375 0.546875 0.246875 0.5421875 0.25625 0.534375 0.253125 0.528125 0.2546875 0.5171875 0.259375 0.5109375 0.265625 0.503125 0.259375 0.4921875 0.2578125 0.490625 0.2546875 0.4921875 0.23125 0.503125 0.228125 0.5109375 0.2125 0.525 0.20625 0.5328125 0.20625
0 0.84375 0.1609375 0.8484375 0.1640625 0.85 0.171875 0.846875 0.1859375 0.834375 0.1859375 0.8265625 0.18125 0.828125 0.165625 0.8328125 0.1625 0.8421875 0.1609375
0 0.1015625 0.525 0.11875 0.5125 0.1359375 0.5125 0.14375 0.5296875 0.1515625 0.5390625 0.1515625 0.5484375 0.1546875 0.5578125 0.1546875 0.5734375 0.14375 0.59375 0.1328125 0.5953125 0.11875 0.603125 0.0953125 0.6234375 0.090625 0.6359375 0.0828125 0.634375 0.0734375 0.6359375 0.06875 0.6265625 0.06875 0.596875 0.0671875 0.5953125 0.06875 0.58125 0.0828125 0.565625 0.0875 0.55625 0.0921875 0.5375 0.1015625 0.5265625
0 0.840625 0.35 0.8546875 0.35 0.8640625 0.3625 0.8625 0.3640625 0.8640625 0.3921875 0.859375 0.4078125 0.8546875 0.4078125 0.8515625 0.4046875 0.834375 0.3984375 0.8328125 0.3921875 0.834375 0.3625 0.840625 0.3515625
0 0.7546875 0.2765625 0.765625 0.2875 0.76875 0.2875 0.775 0.296875 0.771875 0.3171875 0.7609375 0.31875 0.7546875 0.33125 0.75 0.33125 0.7390625 0.3234375 0.7328125 0.3109375 0.7328125 0.2953125 0.7375 0.28125 0.746875 0.275 0.753125 0.2765625
0 0.284375 0.3234375 0.290625 0.328125 0.3015625 0.35 0.303125 0.3734375 0.2953125 0.3859375 0.290625 0.3890625 0.2859375 0.3859375 0.2796875 0.3859375 0.275 0.390625 0.253125 0.4015625 0.2484375 0.4109375 0.24375 0.4140625 0.234375 0.409375 0.228125 0.4015625 0.2265625 0.375 0.23125 0.365625 0.24375 0.35625 0.246875 0.346875 0.2609375 0.33125 0.2703125 0.325 0.2828125 0.3234375
0 0.865625 0.221875 0.871875 0.2265625 0.8734375 0.246875 0.8625 0.253125 0.8578125 0.2515625 0.8515625 0.2453125 0.846875 0.228125 0.8546875 0.2203125 0.8640625 0.221875
0 0.9 0.3046875 0.909375 0.3234375 0.909375 0.3359375 0.90625 0.346875 0.8953125 0.35 0.8953125 0.328125 0.89375 0.3265625 0.890625 0.3296875 0.890625 0.3390625 0.8859375 0.35 0.8828125 0.3484375 0.878125 0.3390625 0.878125 0.3265625 0.8828125 0.315625 0.8890625 0.3109375 0.896875 0.3125 0.9 0.30625
0 0.94375 0.2828125 0.9484375 0.2875 0.9484375 0.3 0.94375 0.3140625 0.9390625 0.3140625 0.9296875 0.3078125 0.9265625 0.3015625 0.928125 0.2921875 0.9375 0.2828125 0.9421875 0.2828125
0 0.70625 0.18984375 0.0390625 0.0375
0 0.096875 0.3875 0.1078125 0.378125 0.1203125 0.3734375 0.128125 0.3734375 0.1390625 0.39375 0.1421875 0.4046875 0.140625 0.43125 0.1375 0.4359375 0.1328125 0.4390625 0.121875 0.4390625 0.1078125 0.4484375 0.0953125 0.453125 0.090625 0.4609375 0.0828125 0.4625 0.0734375 0.45625 0.071875 0.4375 0.0765625 0.4203125 0.0890625 0.40625 0.096875 0.3890625
0 0.9453125 0.196875 0.9515625 0.19375 0.9578125 0.1953125 0.9578125 0.2109375 0.9515625 0.2140625 0.94375 0.209375 0.9453125 0.1984375
0 0.5359375 0.334375 0.56875 0.35 0.5703125 0.3515625 0.5703125 0.36875 0.5671875 0.3828125 0.5578125 0.3875 0.5453125 0.3984375 0.540625 0.3984375 0.53125 0.4109375 0.5171875 0.409375 0.50625 0.4 0.5 0.3984375 0.496875 0.39375 0.496875 0.3828125 0.5 0.365625 0.5109375 0.34375 0.5171875 0.3375 0.534375 0.334375
0 0.4484375 0.50625 0.459375 0.5125 0.475 0.509375 0.4984375 0.525 0.503125 0.5359375 0.503125 0.5609375 0.496875 0.5765625 0.49375 0.5796875 0.4875 0.578125 0.4828125 0.5796875 0.4609375 0.596875 0.446875 0.6046875 0.440625 0.61875 0.4359375 0.6234375 0.428125 0.6171875 0.421875 0.6203125 0.4140625 0.61875 0.4125 0.6125 0.4 0.5921875 0.3984375 0.5828125 0.4 0.5578125 0.4125 0.528125 0.43125 0.5125 0.446875 0.5078125
0 0.8328125 0.275 0.84375 0.2671875 0.8515625 0.2671875 0.8625 0.2890625 0.8609375 0.3046875 0.8515625 0.3109375 0.84375 0.3109375 0.834375 0.2984375 0.8296875 0.2859375 0.8328125 0.2765625
1 0.9515625 0.1953125 0.9578125 0.2 0.9578125 0.2109375 0.953125 0.2140625 0.9453125 0.2109375 0.94375 0.2 0.95 0.196875
1 0.6390625 0.3421875 0.6421875 0.35 0.640625 0.3640625 0.6296875 0.375 0.621875 0.3734375 0.621875 0.353125 0.625 0.35 0.6328125 0.3515625 0.6375 0.346875 0.6375 0.34375
3 0.2421875 0.5125 0.24375 0.5140625 0.2578125 0.5125 0.2640625 0.515625 0.2734375 0.525 0.28125 0.54375 0.2828125 0.571875 0.275 0.578125 0.2703125 0.5859375 0.259375 0.5859375 0.253125 0.5890625 0.24375 0.5984375 0.225 0.6109375 0.2171875 0.61875 0.209375 0.6328125 0.203125 0.6328125 0.1984375 0.6265625 0.1953125 0.6265625 0.1890625 0.6359375 0.184375 0.6328125 0.1765625 0.60625 0.1765625 0.590625 0.1734375 0.5796875 0.1734375 0.5515625 0.1953125 0.5265625 0.203125 0.521875 0.2203125 0.5125 0.240625 0.5125
3 0.6078125 0.153125 0.61875 0.15625 0.621875 0.1625 0.6234375 0.184375 0.615625 0.19375 0.6078125 0.190625 0.5921875 0.190625 0.5875 0.19375 0.58125 0.1921875 0.575 0.1859375 0.575 0.1703125 0.5890625 0.15625 0.5953125 0.153125 0.60625 0.153125