0 0.0984375 0.30625 0.1015625 0.3125 0.10625 0.3109375 0.1125 0.3125 0.1171875 0.3203125 0.1203125 0.3375 0.115625 0.3484375 0.1109375 0.3484375 0.10625 0.3359375 0.103125 0.3390625 0.1015625 0.3515625 0.0984375 0.3515625 0.090625 0.3453125 0.084375 0.325 0.084375 0.3140625 0.0890625 0.3109375 0.0953125 0.3109375 0.096875 0.3078125
0 0.2953125 0.15 0.3109375 0.165625 0.3125 0.1703125 0.3109375 0.1796875 0.303125 0.1859375 0.284375 0.184375 0.278125 0.1734375 0.28125 0.15625 0.29375 0.15
0 0.2640625 0.16875 0.2703125 0.175 0.2765625 0.1765625 0.278125 0.1796875 0.2765625 0.196875 0.2671875 0.203125 0.259375 0.1890625 0.246875 0.1765625 0.2484375 0.171875 0.253125 0.16875 0.259375 0.1671875 0.2625 0.16875
0 0.5421875 0.140625 0.546875 0.14375 0.55 0.1515625 0.55 0.16875 0.5328125 0.1859375 0.5171875 0.1859375 0.5140625 0.178125 0.5140625 0.16875 0.528125 0.14375 0.5328125 0.140625 0.540625 0.140625
0 0.2078125 0.1796875 0.2109375 0.1859375 0.2171875 0.1890625 0.21875 0.1921875 0.21875 0.1984375 0.2140625 0.2078125 0.2078125 0.2109375 0.203125 0.2109375 0.19375 0.2046875 0.190625 0.196875 0.19375 0.1828125 0.1984375 0.1796875 0.20625 0.1796875
0 0.1765625 0.175 0.1859375 0.18125 0.1890625 0.1859375 0.1890625 0.196875 0.178125 0.203125 0.16875 0.2015625 0.165625 0.1984375 0.1640625 0.1890625 0.1671875 0.178125 0.1703125 0.175 0.175 0.175
0 0.1234375 0.159375 0.13125 0.1671875 0.13125 0.175 0.128125 0.18125 0.125 0.1828125 0.1203125 0.178125 0.11875 0.16875 0.121875 0.1609375
0 0.14375 0.35 0.15625 0.3515625 0.1609375 0.35625 0.1640625 0.365625 0.1640625 0.3953125 0.1390625 0.4078125 0.134375 0.39375 0.1359375 0.359375 0.14375 0.3515625
0 0.15 0.1734375 0.15625 0.178125 0.1609375 0.1859375 0.15625 0.196875 0.1453125 0.1984375 0.1375 0.19375 0.1375 0.1796875 0.140625 0.1765625 0.1484375 0.175
0 0.06171875 0.2984375 0.021875 0.03359375
0 0.1875 0.1609375 0.1921875 0.1703125 0.1921875 0.1796875 0.1890625 0.184375 0.1859375 0.184375 0.1734375 0.1734375 0.1734375 0.1640625 0.178125 0.1609375 0.1859375 0.1609375
0 0.1 0.325 0.10625 0.3359375 0.103125 0.340625 0.1046875 0.346875 0.103125 0.353125 0.0984375 0.353125 0.090625 0.346875 0.084375 0.328125 0.0921875 0.31875 0.0984375 0.325
3 0.2375 0.178125 0.2484375 0.1796875 0.25625 0.1875 0.2609375 0.196875 0.259375 0.209375 0.246875 0.2171875 0.240625 0.2140625 0.234375 0.215625 0.2296875 0.20625 0.228125 0.1875 0.2359375 0.1796875
3 0.2515625 0.16875 0.25 0.1671875 0.2515625 0.15 0.2546875 0.146875 0.2703125 0.1453125 0.275 0.15 0.278125 0.1578125 0.275 0.1734375 0.2703125 0.1734375 0.2609375 0.165625 0.253125 0.1671875