0 0.5859375 0.1 0.5890625 0.1046875 0.5890625 0.1171875 0.58125 0.1421875 0.5671875 0.14375 0.5609375 0.1359375 0.5625 0.128125 0.5609375 0.115625 0.5671875 0.103125 0.571875 0.1015625 0.584375 0.103125 0.5859375 0.1015625
0 0.6328125 0.0515625 0.640625 0.053125 0.64375 0.0625 0.640625 0.0734375 0.6265625 0.0734375 0.6265625 0.065625 0.6328125 0.053125
0 0.15 0.37890625 0.03125 0.05859375
0 0.6375 0.08125 0.6390625 0.0828125 0.64375 0.08125 0.6453125 0.0859375 0.6453125 0.103125 0.6390625 0.1109375 0.634375 0.1109375 0.63125 0.10625 0.63125 0.0859375 0.6359375 0.08125
0 0.5984375 0.046875 0.603125 0.05 0.6078125 0.059375 0.6078125 0.065625 0.6046875 0.071875 0.59375 0.0734375 0.5890625 0.0703125 0.590625 0.053125 0.5921875 0.05 0.596875 0.0484375
0 0.0984375 0.3046875 0.103125 0.3140625 0.10625 0.3109375 0.1125 0.3125 0.1203125 0.3296875 0.11875 0.34375 0.1125 0.3515625 0.109375 0.3515625 0.1078125 0.3359375 0.1046875 0.334375 0.0984375 0.3375 0.0984375 0.33125 0.09375 0.31875 0.09375 0.3125 0.0984375 0.30625
0 0.6015625 0.0875 0.609375 0.0984375 0.609375 0.1078125 0.603125 0.1140625 0.5953125 0.1140625 0.5921875 0.1109375 0.590625 0.1015625 0.5921875 0.090625 0.5953125 0.0875 0.6 0.0875
0 0.1359375 0.1390625 0.146875 0.14375 0.15 0.1515625 0.1484375 0.1609375 0.1421875 0.1640625 0.1296875 0.1578125 0.1296875 0.1421875 0.134375 0.1390625
0 0.0609375 0.29765625 0.02265625 0.034375
0 0.3390625 0.1765625 0.35625 0.18125 0.3625 0.19375 0.3734375 0.2015625 0.371875 0.2203125 0.353125 0.225 0.3375 0.2203125 0.328125 0.2109375 0.33125 0.178125 0.334375 0.175 0.3375 0.1765625
0 0.584375 0.1484375 0.584375 0.1375 0.5875 0.1328125 0.590625 0.11875 0.59375 0.115625 0.6078125 0.115625 0.6125 0.125 0.6125 0.13125 0.603125 0.1546875 0.5953125 0.1546875 0.5859375 0.1484375
0 0.6125 0.1234375 0.609375 0.1140625 0.6109375 0.1015625 0.61875 0.09375 0.6265625 0.1 0.628125 0.1125 0.6265625 0.1203125 0.6234375 0.1234375 0.6203125 0.125 0.6140625 0.1234375