0 0.0875 0.3015625 0.0921875 0.309375 0.0984375 0.30625 0.1046875 0.3140625 0.1078125 0.3109375 0.1125 0.3125 0.121875 0.33125 0.1203125 0.340625 0.1125 0.35 0.1078125 0.3296875 0.1046875 0.328125 0.103125 0.3296875 0.103125 0.3515625 0.09375 0.3484375 0.0875 0.3328125 0.084375 0.3140625 0.0875 0.3109375 0.0875 0.303125
0 0.959375 0.940625 0.9671875 0.95 0.9875 0.9484375 0.996875 0.953125 0.9984375 0.95625 0.9984375 0.9984375 0.9171875 0.9984375 0.915625 0.9953125 0.9171875 0.9859375 0.9359375 0.9390625 0.946875 0.934375 0.95625 0.9375 0.9578125 0.940625
0 0.95625 0.7015625 0.965625 0.7109375 0.9734375 0.7109375 0.98125 0.70625 0.9875 0.70625 0.9984375 0.7125 0.9984375 0.7984375 0.9921875 0.8078125 0.9828125 0.8 0.9734375 0.7984375 0.9578125 0.778125 0.9546875 0.7796875 0.9515625 0.7859375 0.9421875 0.7859375 0.9375 0.7796875 0.93125 0.7578125 0.9328125 0.7375 0.940625 0.7140625 0.9546875 0.7015625
0 0.175 0.1890625 0.1890625 0.1875 0.19375 0.190625 0.1984375 0.20625 0.196875 0.215625 0.190625 0.221875 0.1765625 0.221875 0.1703125 0.2109375 0.1703125 0.2 0.175 0.190625
0 0.2265625 0.2 0.23125 0.2078125 0.23125 0.2203125 0.2296875 0.2234375 0.2234375 0.2234375 0.2171875 0.2296875 0.2015625 0.2234375 0.1984375 0.2171875 0.2 0.2 0.209375 0.1921875 0.2140625 0.1921875 0.21875 0.2 0.225 0.2
0 0.0046875 0.1625 0.0171875 0.1625 0.01875 0.1671875 0.0140625 0.1796875 0.0046875 0.18125 0.003125 0.1703125 0.0046875 0.1640625
0 0.1578125 0.1515625 0.171875 0.1546875 0.178125 0.165625 0.178125 0.171875 0.16875 0.1765625 0.1625 0.1765625 0.15625 0.1734375 0.15 0.1625 0.1515625 0.1546875 0.15625 0.153125
0 0.153125 0.35 0.159375 0.353125 0.1640625 0.3640625 0.1640625 0.3953125 0.1625 0.3984375 0.14375 0.4078125 0.1375 0.40625 0.134375 0.3921875 0.1359375 0.3859375 0.134375 0.359375 0.140625 0.3515625 0.1515625 0.35
0 0.2734375 0.175 0.2765625 0.1875 0.275 0.196875 0.2671875 0.1984375 0.2625 0.203125 0.2578125 0.1984375 0.253125 0.1984375 0.2484375 0.1953125 0.24375 0.175 0.25 0.1671875 0.25625 0.1640625 0.2609375 0.1640625 0.271875 0.175
0 0.2359375 0.190625 0.02578125 0.040625
0 0.08125 0.15625 0.084375 0.1625 0.084375 0.1734375 0.0796875 0.178125 0.075 0.178125 0.0703125 0.1734375 0.0703125 0.1609375 0.0796875 0.15625
0 0.0609375 0.29765625 0.02109375 0.034375
0 0.9796875 0.8109375 0.984375 0.8140625 0.9875 0.8203125 0.9984375 0.825 0.9984375 0.9265625 0.9875 0.921875 0.9703125 0.909375 0.9640625 0.9109375 0.959375 0.909375 0.9515625 0.89375 0.95 0.8828125 0.9515625 0.853125 0.9546875 0.8484375 0.95625 0.8390625 0.959375 0.8359375 0.9609375 0.8265625 0.978125 0.8109375
0 0.2921875 0.153125 0.3046875 0.16875 0.303125 0.1796875 0.29375 0.1859375 0.2875 0.1859375 0.28125 0.1828125 0.2640625 0.1640625 0.2640625 0.1578125 0.26875 0.153125 0.2734375 0.153125 0.278125 0.15 0.2890625 0.15 0.290625 0.153125
0 0.09375 0.3171875 0.1015625 0.325 0.103125 0.3296875 0.103125 0.3484375 0.1046875 0.35 0.1015625 0.3546875 0.090625 0.346875 0.0890625 0.3375 0.0859375 0.3328125 0.0859375 0.3234375 0.0921875 0.3171875
2 0.1375 0.1671875 0.1484375 0.1625 0.1640625 0.178125 0.1671875 0.1921875 0.1671875 0.20625 0.1640625 0.2109375 0.153125 0.215625 0.1375 0.2109375 0.1328125 0.1953125 0.1328125 0.178125 0.1375 0.16875
2 0.2328125 0.153125 0.240625 0.1625 0.2421875 0.1859375 0.246875 0.196875 0.240625 0.2078125 0.234375 0.2109375 0.23125 0.209375 0.2296875 0.2015625 0.2265625 0.1984375 0.2234375 0.2 0.2203125 0.1984375 0.2140625 0.1875 0.203125 0.196875 0.1984375 0.190625 0.196875 0.178125 0.196875 0.1578125 0.1984375 0.15625 0.209375 0.1546875 0.2140625 0.1640625 0.2140625 0.1703125 0.2171875 0.1734375 0.21875 0.171875 0.21875 0.1546875 0.221875 0.1515625 0.23125 0.153125