0 0.29375 0.15 0.309375 0.1640625 0.3125 0.1734375 0.3109375 0.1796875 0.3015625 0.1859375 0.2859375 0.184375 0.28125 0.18125 0.2796875 0.1765625 0.28125 0.159375 0.2875 0.153125 0.2921875 0.1515625
0 0.9984375 0.8390625 0.9984375 0.9171875 0.99375 0.91875 0.9859375 0.9078125 0.9859375 0.8796875 0.990625 0.865625 0.9921875 0.8515625 0.996875 0.840625
0 0.209375 0.18125 0.2171875 0.190625 0.2171875 0.2 0.2140625 0.20625 0.2078125 0.2109375 0.196875 0.2078125 0.1921875 0.2015625 0.190625 0.19375 0.190625 0.1875 0.1953125 0.1796875 0.2078125 0.18125
0 0.109375 0.15625 0.115625 0.1578125 0.1171875 0.1734375 0.109375 0.178125 0.1046875 0.1734375 0.1046875 0.1609375 0.1078125 0.1578125
0 0.15 0.3796875 0.03125 0.059375
0 0.134375 0.175 0.14375 0.175 0.153125 0.18125 0.1515625 0.1953125 0.1421875 0.1984375 0.1359375 0.196875 0.134375 0.19375 0.1328125 0.1828125 0.134375 0.1765625
0 0.259375 0.1671875 0.2796875 0.1796875 0.2765625 0.196875 0.265625 0.2015625 0.2609375 0.190625 0.246875 0.1765625 0.2484375 0.171875 0.253125 0.16875 0.2578125 0.16875
0 0.0984375 0.3046875 0.1015625 0.3109375 0.1078125 0.309375 0.1140625 0.3140625 0.1203125 0.328125 0.115625 0.3453125 0.1125 0.3484375 0.1125 0.3359375 0.0953125 0.31875 0.09375 0.3109375 0.0984375 0.30625
0 0.178125 0.1765625 0.1890625 0.1875 0.1875 0.1984375 0.178125 0.203125 0.16875 0.2015625 0.165625 0.1984375 0.1640625 0.1859375 0.165625 0.1796875 0.1703125 0.175 0.1765625 0.1765625
0 0.0609375 0.2828125 0.0703125 0.2921875 0.0703125 0.3015625 0.0578125 0.3140625 0.053125 0.3109375 0.05 0.2921875 0.0546875 0.2828125 0.05625 0.28125 0.059375 0.2828125
0 0.625 0.0640625 0.628125 0.06875 0.628125 0.078125 0.6203125 0.090625 0.6125 0.090625 0.60625 0.0859375 0.6109375 0.0671875 0.6171875 0.0625 0.6234375 0.0640625
0 0.2203125 0.1875 0.2171875 0.18125 0.21875 0.1640625 0.2234375 0.159375 0.2296875 0.1578125 0.2375 0.1671875 0.2375 0.1765625 0.2203125 0.1890625
0 0.234375 0.215625 0.2296875 0.2046875 0.23125 0.184375 0.2359375 0.1796875 0.25 0.1796875 0.2609375 0.1953125 0.2609375 0.20625 0.2578125 0.2109375 0.2515625 0.2125 0.246875 0.2171875 0.24375 0.2171875 0.240625 0.2125 0.2359375 0.2140625
0 0.1734375 0.1625 0.178125 0.1609375 0.1890625 0.1625 0.1921875 0.1703125 0.1921875 0.18125 0.1890625 0.1859375 0.171875 0.1734375 0.1734375 0.1640625
0 0.109375 0.325 0.115625 0.328125 0.11875 0.340625 0.115625 0.3484375 0.1125 0.35 0.1109375 0.3453125 0.1078125 0.3421875 0.10625 0.34375 0.1046875 0.3578125 0.1 0.35625 0.09375 0.3484375 0.090625 0.3484375 0.0859375 0.33125 0.0859375 0.325 0.0921875 0.3171875 0.103125 0.328125 0.10625 0.3359375 0.109375 0.3265625
0 0.6359375 0.05625 0.640625 0.0546875 0.64375 0.0625 0.640625 0.071875 0.6359375 0.071875 0.634375 0.06875 0.6359375 0.0578125
0 0.2328125 0.1484375 0.246875 0.15 0.2484375 0.1609375 0.24375 0.165625 0.2375 0.165625 0.2296875 0.15625 0.228125 0.15 0.23125 0.1484375
3 0.2515625 0.16875 0.25 0.165625 0.2515625 0.15 0.2546875 0.146875 0.2703125 0.1453125 0.2765625 0.1515625 0.2796875 0.159375 0.2765625 0.1734375 0.2703125 0.1734375 0.2640625 0.1671875 0.253125 0.1671875