0 0.7484375 0.1671875 0.7546875 0.175 0.7546875 0.1859375 0.75 0.1953125 0.7421875 0.1984375 0.7375 0.203125 0.7234375 0.196875 0.721875 0.1859375 0.725 0.171875 0.7390625 0.1640625 0.746875 0.1671875
0 0.0109375 0.821875 0.01875 0.825 0.0296875 0.8375 0.0390625 0.8625 0.040625 0.8859375 0.034375 0.9109375 0.028125 0.9171875 0.015625 0.915625 0.009375 0.921875 0 0.9265625 0 0.8828125 0.0015625 0.88125 0 0.8328125 0.009375 0.8234375
0 0.8234375 0.190625 0.828125 0.2 0.828125 0.2140625 0.8203125 0.221875 0.80625 0.2203125 0.8015625 0.2140625 0.8015625 0.203125 0.8125 0.1890625 0.821875 0.190625
0 0.8453125 0.153125 0.8484375 0.1578125 0.8484375 0.1625 0.8390625 0.171875 0.834375 0.18125 0.8265625 0.178125 0.825 0.1734375 0.8265625 0.1625 0.834375 0.1515625 0.84375 0.153125
0 0.04375 0.7046875 0.05625 0.7171875 0.0625 0.734375 0.065625 0.7578125 0.059375 0.78125 0.05625 0.7859375 0.0484375 0.7875 0.04375 0.784375 0.0421875 0.778125 0.0375 0.775 0.015625 0.7859375 0.0046875 0.7953125 0 0.7953125 0 0.7125 0.0078125 0.7078125 0.0171875 0.7078125 0.0265625 0.7125 0.03125 0.7125 0.0421875 0.7046875
0 0.8203125 0.159375 0.8234375 0.1625 0.825 0.1703125 0.8203125 0.1890625 0.8125 0.1875 0.809375 0.190625 0.8015625 0.1859375 0.803125 0.16875 0.8046875 0.1640625 0.8125 0.1578125 0.81875 0.159375
0 0.840625 0.3515625 0.8546875 0.35 0.8625 0.359375 0.8625 0.384375 0.8640625 0.3859375 0.8609375 0.40625 0.8578125 0.409375 0.8359375 0.3984375 0.834375 0.3953125 0.8359375 0.3625 0.840625 0.353125
0 0.784375 0.1921875 0.7921875 0.19375 0.8015625 0.2015625 0.8 0.21875 0.796875 0.225 0.7890625 0.2265625 0.784375 0.23125 0.78125 0.23125 0.775 0.2234375 0.76875 0.221875 0.76875 0.209375 0.784375 0.19375
0 0.9 0.30625 0.90625 0.3234375 0.9046875 0.3359375 0.9015625 0.340625 0.903125 0.3453125 0.896875 0.346875 0.8953125 0.3375 0.8921875 0.3359375 0.8890625 0.3390625 0.8875 0.3484375 0.8828125 0.3484375 0.878125 0.3390625 0.878125 0.3265625 0.88125 0.31875 0.8890625 0.3109375 0.896875 0.3125 0.8984375 0.3078125
0 0.9390625 0.2984375 0.02109375 0.03359375
0 0.771875 0.1734375 0.7765625 0.178125 0.7796875 0.1921875 0.76875 0.2109375 0.759375 0.2109375 0.75625 0.2078125 0.7515625 0.1984375 0.7515625 0.1921875 0.75625 0.184375 0.75625 0.175 0.7625 0.1703125 0.7671875 0.1703125 0.7703125 0.1734375
0 0.709375 0.15 0.73125 0.153125 0.7375 0.159375 0.7359375 0.1640625 0.7234375 0.171875 0.71875 0.184375 0.703125 0.1859375 0.6953125 0.18125 0.69375 0.16875 0.6953125 0.1640625 0.709375 0.1515625
3 0.83828125 0.165625 0.0234375 0.02890625
3 0.759375 0.171875 0.7671875 0.1703125 0.7765625 0.178125 0.7765625 0.1953125 0.76875 0.2109375 0.7609375 0.2109375 0.7578125 0.209375 0.7515625 0.196875 0.75625 0.184375 0.75625 0.1765625 0.759375 0.1734375