0 0.459375 0.1078125 0.465625 0.1109375 0.4703125 0.1171875 0.471875 0.125 0.4703125 0.1421875 0.4625 0.1453125 0.4546875 0.1453125 0.4484375 0.1375 0.44375 0.1359375 0.4421875 0.13125 0.44375 0.1171875 0.4578125 0.109375
0 0.971875 0.2 0.9796875 0.2 0.9859375 0.20625 0.984375 0.2203125 0.9796875 0.221875 0.96875 0.20625 0.971875 0.2015625
0 0.371875 0.0921875 0.3765625 0.0953125 0.3828125 0.0953125 0.3875 0.1 0.3921875 0.11875 0.3859375 0.1296875 0.371875 0.128125 0.3703125 0.121875 0.371875 0.09375
0 0.9 0.15 0.9046875 0.1546875 0.90625 0.1640625 0.9015625 0.1703125 0.896875 0.171875 0.8859375 0.171875 0.88125 0.165625 0.88125 0.159375 0.8875 0.15 0.8984375 0.15
0 0.9546875 0.2171875 0.959375 0.225 0.959375 0.2375 0.953125 0.2421875 0.94375 0.234375 0.94375 0.225 0.953125 0.2171875
0 0.8890625 0.2328125 0.8953125 0.2296875 0.9 0.2375 0.8984375 0.259375 0.8953125 0.265625 0.8890625 0.265625 0.8828125 0.259375 0.88125 0.2515625 0.8828125 0.240625 0.8890625 0.234375
0 0.9171875 0.2890625 0.9203125 0.2875 0.9234375 0.2890625 0.925 0.296875 0.9234375 0.3171875 0.915625 0.3234375 0.9125 0.3234375 0.90625 0.3140625 0.9078125 0.3015625 0.9171875 0.290625
0 0.2734375 0.2984375 0.2828125 0.3046875 0.2890625 0.3203125 0.29375 0.325 0.2953125 0.3453125 0.2921875 0.3546875 0.284375 0.3625 0.2765625 0.3609375 0.2625 0.3671875 0.2546875 0.3734375 0.246875 0.375 0.2390625 0.3859375 0.225 0.384375 0.221875 0.365625 0.2234375 0.3484375 0.2359375 0.3359375 0.24375 0.321875 0.2453125 0.3140625 0.25625 0.3046875 0.2578125 0.3 0.265625 0.296875 0.271875 0.2984375
0 0.95703125 0.17265625 0.01875 0.0234375
0 0.94375 0.2828125 0.946875 0.2859375 0.946875 0.3078125 0.94375 0.3140625 0.9390625 0.3140625 0.934375 0.309375 0.928125 0.3078125 0.9265625 0.303125 0.9265625 0.29375 0.9375 0.2828125 0.9421875 0.2828125
0 0.834375 0.3984375 0.834375 0.3625 0.840625 0.35 0.8546875 0.35 0.8640625 0.3625 0.8625 0.3640625 0.8640625 0.39375 0.859375 0.4078125 0.8546875 0.4078125 0.8359375 0.3984375
0 0.6890625 0.1765625 0.6953125 0.18125 0.6984375 0.1875 0.6984375 0.20625 0.6953125 0.2109375 0.6875 0.209375 0.678125 0.2109375 0.675 0.2140625 0.659375 0.209375 0.6578125 0.19375 0.6609375 0.1875 0.671875 0.1765625 0.675 0.175 0.6875 0.1765625
0 0.396875 0.0515625 0.4 0.053125 0.403125 0.059375 0.403125 0.075 0.4 0.078125 0.3953125 0.078125 0.3875 0.071875 0.3890625 0.05625 0.390625 0.053125 0.3953125 0.0515625
0 0.4 0.1140625 0.40625 0.1171875 0.4140625 0.134375 0.4140625 0.146875 0.40625 0.1484375 0.403125 0.153125 0.3984375 0.153125 0.3953125 0.15 0.3890625 0.1296875 0.3921875 0.11875 0.3984375 0.115625
0 0.7125 0.1453125 0.7328125 0.15 0.7375 0.1578125 0.7359375 0.1734375 0.728125 0.178125 0.7125 0.1796875 0.7 0.1734375 0.6984375 0.1625 0.7109375 0.146875
0 0.8640625 0.140625 0.8671875 0.1484375 0.8671875 0.159375 0.859375 0.165625 0.8484375 0.159375 0.8484375 0.1484375 0.8515625 0.1421875 0.8625 0.140625
0 0.6 0.290625 0.609375 0.296875 0.6234375 0.3015625 0.625 0.3171875 0.621875 0.3265625 0.615625 0.3328125 0.6046875 0.3359375 0.6 0.340625 0.5984375 0.3484375 0.5953125 0.35 0.584375 0.3484375 0.575 0.340625 0.5640625 0.3359375 0.5625 0.3171875 0.571875 0.309375 0.5734375 0.303125 0.5828125 0.29375 0.5921875 0.2890625 0.5984375 0.290625
0 0.446875 0.590625 0.4640625 0.6046875 0.471875 0.61875 0.471875 0.640625 0.46875 0.6578125 0.4671875 0.6609375 0.459375 0.665625 0.4546875 0.665625 0.44375 0.675 0.4390625 0.684375 0.4140625 0.7078125 0.409375 0.721875 0.403125 0.728125 0.39375 0.7203125 0.3875 0.7234375 0.38125 0.7234375 0.3671875 0.70625 0.3609375 0.69375 0.359375 0.6625 0.3734375 0.6265625 0.4 0.6 0.409375 0.59375 0.4203125 0.5953125 0.43125 0.5875 0.4421875 0.5875 0.4453125 0.590625
0 0.9 0.3078125 0.9125 0.325 0.9109375 0.334375 0.9078125 0.3375 0.9078125 0.346875 0.903125 0.3484375 0.896875 0.35625 0.8921875 0.35625 0.8921875 0.34375 0.890625 0.3421875 0.8859375 0.35 0.878125 0.3375 0.878125 0.3265625 0.8859375 0.3125 0.8890625 0.3109375 0.896875 0.3125 0.8984375 0.309375
0 0.84375 0.2375 0.85625 0.25 0.8578125 0.25625 0.8546875 0.2734375 0.846875 0.2734375 0.84375 0.2765625 0.83125 0.2734375 0.828125 0.265625 0.8296875 0.246875 0.8375 0.2375 0.8421875 0.2375
1 0.9453125 0.2359375 0.94375 0.228125 0.953125 0.2171875 0.95625 0.21875 0.959375 0.225 0.959375 0.2359375 0.9515625 0.24375 0.946875 0.2359375