0 0.03515625 0.23671875 0.0171875 0.0265625
0 0.4765625 0.1546875 0.48125 0.159375 0.490625 0.1609375 0.4921875 0.1640625 0.490625 0.178125 0.484375 0.18125 0.4625 0.1828125 0.45625 0.1875 0.45 0.1859375 0.446875 0.1875 0.44375 0.184375 0.4421875 0.1671875 0.446875 0.1546875 0.453125 0.15 0.4609375 0.1484375 0.4703125 0.15 0.475 0.1546875
0 0.6171875 0.1109375 0.02265625 0.0390625
0 0.0921875 0.25 0.0953125 0.2484375 0.103125 0.25 0.1125 0.265625 0.1125 0.2734375 0.1046875 0.28125 0.09375 0.2828125 0.0875 0.2765625 0.0875 0.2609375 0.0921875 0.2515625
0 0.2140625 0.2765625 0.21875 0.278125 0.2265625 0.2875 0.23125 0.2984375 0.23125 0.30625 0.221875 0.321875 0.2109375 0.33125 0.2 0.3234375 0.1921875 0.3234375 0.190625 0.3 0.1953125 0.2890625 0.2015625 0.284375 0.203125 0.2796875 0.209375 0.275 0.2125 0.2765625
0 0.84375 0.3578125 0.8484375 0.3625 0.85625 0.365625 0.865625 0.365625 0.875 0.3765625 0.8828125 0.39375 0.8921875 0.4015625 0.896875 0.428125 0.896875 0.44375 0.89375 0.4484375 0.8796875 0.4484375 0.8671875 0.4359375 0.8625 0.4359375 0.8484375 0.4265625 0.8359375 0.4234375 0.828125 0.4109375 0.8265625 0.384375 0.8296875 0.375 0.834375 0.3703125 0.8390625 0.359375 0.8421875 0.3578125
0 0.2234375 0.1625 0.2359375 0.175 0.2375 0.1796875 0.2359375 0.19375 0.2234375 0.196875 0.2171875 0.190625 0.2109375 0.1921875 0.2078125 0.1875 0.209375 0.1734375 0.2125 0.1734375 0.221875 0.1640625
0 0.625 0.0375 0.628125 0.0421875 0.6265625 0.0609375 0.621875 0.0640625 0.615625 0.0609375 0.615625 0.05 0.61875 0.0421875 0.6234375 0.0390625
0 0.0625 0.1515625 0.0671875 0.159375 0.0671875 0.165625 0.0609375 0.171875 0.05625 0.171875 0.053125 0.16875 0.053125 0.15625 0.05625 0.1515625 0.0609375 0.1515625
0 0.0609375 0.2828125 0.06875 0.290625 0.071875 0.3 0.0703125 0.30625 0.059375 0.3140625 0.053125 0.3109375 0.0515625 0.3046875 0.0515625 0.2859375 0.05625 0.28125 0.059375 0.2828125
0 0.6046875 0.053125 0.6109375 0.0609375 0.6125 0.0703125 0.609375 0.0765625 0.603125 0.0796875 0.5953125 0.078125 0.5953125 0.0578125 0.603125 0.053125
0 0.06640625 0.21015625 0.01875 0.02109375
0 0.0984375 0.3078125 0.1015625 0.3109375 0.1046875 0.3078125 0.109375 0.309375 0.11875 0.321875 0.1203125 0.3390625 0.115625 0.346875 0.109375 0.3484375 0.10625 0.3421875 0.103125 0.3453125 0.103125 0.3484375 0.1078125 0.3515625 0.10625 0.3546875 0.0921875 0.3484375 0.090625 0.3375 0.0875 0.3328125 0.0875 0.3234375 0.096875 0.309375
0 0.603125 0.115625 0.6109375 0.13125 0.6078125 0.1453125 0.6015625 0.153125 0.5953125 0.153125 0.5921875 0.1484375 0.584375 0.146875 0.584375 0.134375 0.5921875 0.1171875 0.5953125 0.1140625 0.6015625 0.115625
0 0.1640625 0.1453125 0.1703125 0.15 0.1859375 0.153125 0.1875 0.16875 0.1796875 0.1734375 0.1625 0.1734375 0.1609375 0.171875 0.159375 0.146875 0.1625 0.1453125
0 0.065625 0.21875 0.0703125 0.215625 0.078125 0.215625 0.0796875 0.2234375 0.084375 0.228125 0.084375 0.23125 0.0796875 0.2359375 0.071875 0.240625 0.0640625 0.2421875 0.0609375 0.2390625 0.0609375 0.225 0.065625 0.2203125
0 0.0828125 0.30625 0.0203125 0.0375
0 0.534375 0.2265625 0.55 0.240625 0.55625 0.25 0.5640625 0.2546875 0.5671875 0.2625 0.565625 0.284375 0.5609375 0.2875 0.5546875 0.2875 0.5515625 0.290625 0.546875 0.290625 0.54375 0.284375 0.53125 0.275 0.521875 0.2734375 0.5109375 0.2765625 0.5046875 0.26875 0.5046875 0.2484375 0.5109375 0.2328125 0.51875 0.2265625 0.5328125 0.2265625
0 0.1375 0.1390625 0.14375 0.140625 0.1484375 0.1453125 0.15 0.159375 0.14375 0.165625 0.1390625 0.165625 0.1328125 0.1609375 0.13125 0.14375 0.1328125 0.140625 0.1359375 0.140625
0 0.31875 0.3171875 0.3328125 0.3265625 0.334375 0.334375 0.3390625 0.3390625 0.3421875 0.35 0.3421875 0.3671875 0.3375 0.3734375 0.321875 0.38125 0.315625 0.3875 0.3109375 0.3859375 0.309375 0.3796875 0.3046875 0.375 0.2875 0.36875 0.284375 0.353125 0.284375 0.3375 0.3015625 0.325 0.3046875 0.325 0.309375 0.31875 0.3171875 0.3171875
0 0.4203125 0.2984375 0.4328125 0.30625 0.440625 0.3234375 0.446875 0.325 0.4515625 0.33125 0.45 0.3453125 0.4390625 0.353125 0.425 0.3578125 0.421875 0.3609375 0.4171875 0.3609375 0.4125 0.3515625 0.4 0.3421875 0.3953125 0.340625 0.3890625 0.3421875 0.3828125 0.3296875 0.3828125 0.3140625 0.3859375 0.3109375 0.409375 0.296875 0.41875 0.2984375
0 0.0328125 0.1859375 0.0359375 0.1875 0.0390625 0.19375 0.0390625 0.2 0.0296875 0.2078125 0.025 0.20625 0.021875 0.196875 0.0265625 0.1875 0.03125 0.1859375
0 0.5640625 0.0875 0.5703125 0.0921875 0.5734375 0.1 0.5734375 0.109375 0.5640625 0.11875 0.55 0.1171875 0.5515625 0.0921875 0.5546875 0.0875 0.5625 0.0875
0 0.14375 0.35 0.153125 0.35 0.159375 0.353125 0.1625 0.3609375 0.1625 0.378125 0.1640625 0.3796875 0.1640625 0.396875 0.140625 0.409375 0.1390625 0.4078125 0.134375 0.39375 0.1359375 0.3828125 0.1359375 0.3640625 0.134375 0.3625 0.14375 0.3515625