0 0.61796875 0.1109375 0.021875 0.0359375
0 0.025 0.2234375 0.0234375 0.2171875 0.0296875 0.20625 0.034375 0.20625 0.0390625 0.2140625 0.034375 0.2234375 0.03125 0.225 0.0265625 0.2234375
0 0.5046875 0.1359375 0.5140625 0.1453125 0.5171875 0.15 0.5171875 0.1546875 0.515625 0.1609375 0.50625 0.1671875 0.5015625 0.1734375 0.484375 0.1734375 0.4828125 0.1609375 0.484375 0.146875 0.4875 0.1390625 0.496875 0.134375 0.503125 0.1359375
0 0.0453125 0.1953125 0.05 0.1984375 0.05 0.2015625 0.040625 0.2109375 0.0359375 0.20625 0.0359375 0.1984375 0.0390625 0.1953125 0.04375 0.1953125
0 0.1296875 0.2375 0.134375 0.2484375 0.134375 0.25625 0.13125 0.2609375 0.1234375 0.265625 0.1171875 0.265625 0.10625 0.259375 0.10625 0.25 0.1015625 0.240625 0.1046875 0.234375 0.1140625 0.2265625 0.11875 0.2265625 0.128125 0.2375
0 0.23125 0.29375 0.2375 0.296875 0.24375 0.3078125 0.2515625 0.3140625 0.2515625 0.325 0.24375 0.3328125 0.2265625 0.3421875 0.2234375 0.340625 0.221875 0.3359375 0.209375 0.3328125 0.20625 0.3296875 0.2046875 0.3109375 0.215625 0.3 0.21875 0.3 0.225 0.29375 0.2296875 0.29375
0 0.828125 0.690625 0.834375 0.696875 0.84375 0.696875 0.8546875 0.69375 0.8609375 0.6953125 0.884375 0.7125 0.8875 0.7125 0.9015625 0.7296875 0.9015625 0.7390625 0.9078125 0.7484375 0.9078125 0.759375 0.903125 0.784375 0.8984375 0.7953125 0.8953125 0.8203125 0.890625 0.828125 0.875 0.8296875 0.86875 0.828125 0.8625 0.815625 0.828125 0.7859375 0.8234375 0.784375 0.815625 0.775 0.803125 0.778125 0.7984375 0.7734375 0.7921875 0.7578125 0.790625 0.740625 0.79375 0.7234375 0.803125 0.709375 0.809375 0.69375 0.8203125 0.6828125 0.8265625 0.690625
0 0.0125 0.2015625 0.0140625 0.2125 0.0109375 0.215625 0.0078125 0.215625 0.0046875 0.2109375 0.00625 0.2015625 0.0078125 0.2 0.0109375 0.2015625
0 0.14375 0.35 0.15625 0.3515625 0.159375 0.3546875 0.1625 0.3625 0.1625 0.3765625 0.165625 0.390625 0.1640625 0.3984375 0.14375 0.4078125 0.1390625 0.4078125 0.134375 0.39375 0.1359375 0.378125 0.134375 0.3625 0.14375 0.3515625
0 0.0984375 0.3078125 0.1046875 0.3171875 0.10625 0.3125 0.109375 0.3109375 0.11875 0.321875 0.11875 0.3390625 0.115625 0.3484375 0.1125 0.3515625 0.0984375 0.3515625 0.090625 0.346875 0.0875 0.334375 0.0875 0.321875 0.096875 0.309375
0 0.0625 0.2125 0.065625 0.2171875 0.065625 0.2265625 0.053125 0.234375 0.0484375 0.234375 0.046875 0.23125 0.046875 0.2171875 0.05 0.2125 0.0609375 0.2125
0 0.0609375 0.2828125 0.0703125 0.29375 0.0703125 0.3046875 0.0578125 0.3140625 0.053125 0.3109375 0.0515625 0.30625 0.05 0.2875 0.0546875 0.2828125 0.059375 0.2828125
0 0.5578125 0.4796875 0.5734375 0.4875 0.5859375 0.5 0.5984375 0.5296875 0.6 0.5453125 0.596875 0.56875 0.584375 0.5890625 0.58125 0.590625 0.5703125 0.5859375 0.5640625 0.5921875 0.559375 0.5890625 0.553125 0.5734375 0.5484375 0.571875 0.5359375 0.5609375 0.5296875 0.559375 0.51875 0.55 0.50625 0.5484375 0.5 0.5328125 0.5015625 0.5046875 0.5171875 0.4875 0.528125 0.4828125 0.534375 0.4828125 0.540625 0.4859375 0.553125 0.478125 0.55625 0.4796875
0 0.1390625 0.1390625 0.14375 0.140625 0.1515625 0.1515625 0.1515625 0.1578125 0.140625 0.165625 0.13125 0.1578125 0.13125 0.140625 0.1375 0.1390625
0 0.578125 0.1078125 0.5828125 0.1109375 0.5859375 0.121875 0.5828125 0.140625 0.578125 0.14375 0.5640625 0.1421875 0.5609375 0.1375 0.5609375 0.125 0.5640625 0.1125 0.56875 0.1078125 0.5765625 0.1078125
0 0.6015625 0.115625 0.6078125 0.121875 0.6109375 0.1328125 0.60625 0.15 0.6 0.15625 0.59375 0.15625 0.590625 0.15 0.5859375 0.1484375 0.584375 0.1453125 0.5875 0.125 0.5953125 0.115625 0.6 0.115625
2 0.609375 0.0328125 0.6125 0.0375 0.6125 0.065625 0.609375 0.06875 0.603125 0.06875 0.5984375 0.0625 0.6 0.0375 0.6078125 0.0328125