0 0.9 0.30625 0.9046875 0.3109375 0.90625 0.309375 0.909375 0.3109375 0.9078125 0.31875 0.9125 0.325 0.90625 0.346875 0.896875 0.3515625 0.8953125 0.3390625 0.8921875 0.3359375 0.8890625 0.3390625 0.8875 0.3484375 0.8828125 0.3484375 0.878125 0.3390625 0.8796875 0.3234375 0.8859375 0.3125 0.890625 0.3109375 0.896875 0.3125 0.9 0.3078125
0 0.3984375 0.075 0.40625 0.1 0.403125 0.1046875 0.396875 0.10625 0.3859375 0.1 0.3859375 0.078125 0.3890625 0.075 0.396875 0.075
0 0.6859375 0.1625 0.684375 0.171875 0.68125 0.175 0.66875 0.175 0.6671875 0.1640625 0.6765625 0.153125 0.684375 0.1625
0 0.7640625 0.15703125 0.01796875 0.028125
0 0.9296875 0.2890625 0.9375 0.2828125 0.9421875 0.2828125 0.946875 0.2875 0.946875 0.3046875 0.9421875 0.3140625 0.9375 0.3125 0.9296875 0.3046875 0.9265625 0.2984375 0.9296875 0.290625
0 0.8 0.1796875 0.80625 0.1859375 0.8078125 0.196875 0.80625 0.2015625 0.7953125 0.2109375 0.784375 0.2078125 0.7796875 0.1984375 0.7796875 0.19375 0.790625 0.1796875 0.7984375 0.1796875
0 0.9 0.30625 0.903125 0.3109375 0.909375 0.309375 0.9109375 0.31875 0.9140625 0.3234375 0.90625 0.3484375 0.896875 0.353125 0.8953125 0.340625 0.8921875 0.3359375 0.8875 0.3484375 0.8828125 0.3484375 0.878125 0.3375 0.8796875 0.325 0.8859375 0.3125 0.896875 0.3125 0.9 0.3078125
0 0.8546875 0.35 0.8625 0.359375 0.8640625 0.39375 0.859375 0.4078125 0.8359375 0.3984375 0.834375 0.3953125 0.834375 0.3671875 0.8375 0.35625 0.8421875 0.3515625 0.853125 0.35
0 0.8609375 0.1609375 0.8640625 0.1625 0.8640625 0.1765625 0.8609375 0.18125 0.8421875 0.1765625 0.8421875 0.16875 0.8453125 0.1625 0.859375 0.1609375
0 0.84375 0.178125 0.8546875 0.18125 0.859375 0.1796875 0.8625 0.1859375 0.8625 0.1921875 0.859375 0.1984375 0.8453125 0.1984375 0.840625 0.19375 0.840625 0.1828125 0.84375 0.1796875
0 0.740625 0.1671875 0.7484375 0.1703125 0.7515625 0.1765625 0.7375 0.190625 0.7328125 0.203125 0.721875 0.196875 0.7203125 0.1828125 0.721875 0.178125 0.7390625 0.1671875
0 0.828125 0.175 0.8328125 0.18125 0.834375 0.1890625 0.8328125 0.1984375 0.8234375 0.203125 0.809375 0.196875 0.809375 0.1875 0.8109375 0.1828125 0.81875 0.1765625 0.8265625 0.175
0 0.6640625 0.225 0.6875 0.234375 0.6984375 0.2484375 0.6890625 0.2484375 0.6703125 0.2390625 0.659375 0.2375 0.659375 0.23125 0.6625 0.2265625
0 0.665625 0.228125 0.6765625 0.234375 0.68125 0.234375 0.6828125 0.2390625 0.6875 0.2375 0.7078125 0.2578125 0.7109375 0.265625 0.7109375 0.275 0.709375 0.28125 0.703125 0.284375 0.6984375 0.284375 0.69375 0.278125 0.6796875 0.2734375 0.6609375 0.2734375 0.6609375 0.2703125 0.6515625 0.2625 0.653125 0.2421875 0.6609375 0.2296875 0.6640625 0.228125
0 0.8203125 0.1609375 0.825 0.1640625 0.8265625 0.171875 0.8125 0.184375 0.809375 0.184375 0.80625 0.1796875 0.8078125 0.1640625 0.8109375 0.1609375 0.81875 0.1609375
0 0.7140625 0.1546875 0.7171875 0.1578125 0.7203125 0.1734375 0.715625 0.184375 0.7046875 0.1859375 0.6953125 0.1859375 0.690625 0.1828125 0.6875 0.1796875 0.6875 0.1734375 0.6984375 0.15625 0.703125 0.153125 0.7125 0.1546875
0 0.903125 0.31875 0.9078125 0.31875 0.9140625 0.325 0.9140625 0.33125 0.9078125 0.346875 0.896875 0.3546875 0.89375 0.35 0.8953125 0.33125 0.903125 0.3203125
3 0.7625 0.1796875 0.7703125 0.1890625 0.76875 0.2046875 0.7640625 0.215625 0.75625 0.2171875 0.7515625 0.2171875 0.740625 0.2109375 0.7359375 0.2 0.740625 0.1890625 0.746875 0.18125 0.7609375 0.1796875
3 0.7328125 0.1453125 0.74375 0.146875 0.746875 0.15 0.7484375 0.1671875 0.746875 0.16875 0.7421875 0.165625 0.7359375 0.165625 0.728125 0.1734375 0.7234375 0.1734375 0.7203125 0.15625 0.7234375 0.15 0.73125 0.1453125