0 0.7046875 0.1515625 0.715625 0.15625 0.71875 0.1734375 0.7140625 0.1828125 0.70625 0.1828125 0.7015625 0.1859375 0.6953125 0.1859375 0.6875 0.18125 0.684375 0.1765625 0.684375 0.16875 0.6890625 0.1625 0.703125 0.1515625
0 0.771875 0.1578125 0.7796875 0.1640625 0.7828125 0.178125 0.778125 0.190625 0.775 0.190625 0.759375 0.175 0.7609375 0.1640625 0.7703125 0.1578125
0 0.740625 0.1671875 0.7453125 0.16875 0.7515625 0.175 0.740625 0.1875 0.7328125 0.203125 0.721875 0.1984375 0.71875 0.184375 0.725 0.175 0.728125 0.175 0.7296875 0.171875 0.7390625 0.1671875
0 0.8171875 0.1765625 0.8203125 0.178125 0.8234375 0.175 0.828125 0.175 0.834375 0.1828125 0.834375 0.1921875 0.83125 0.2015625 0.81875 0.203125 0.809375 0.196875 0.809375 0.1875 0.815625 0.178125
0 0.8484375 0.159375 0.8515625 0.1625 0.8515625 0.16875 0.8484375 0.175 0.8453125 0.175 0.8390625 0.18125 0.8375 0.1859375 0.83125 0.175 0.83125 0.1703125 0.840625 0.1578125 0.846875 0.159375
0 0.05625 0.953125 0.065625 0.9625 0.06875 0.96875 0.0734375 0.98125 0.075 0.9984375 0 0.9984375 0 0.9796875 0.0140625 0.9671875 0.0328125 0.959375 0.0359375 0.9546875 0.0421875 0.9515625 0.0546875 0.953125
0 0.7984375 0.178125 0.8046875 0.18125 0.8078125 0.1953125 0.8046875 0.20625 0.796875 0.2109375 0.790625 0.2109375 0.784375 0.2078125 0.78125 0.2 0.78125 0.190625 0.7875 0.1859375 0.7921875 0.178125 0.796875 0.178125
0 0.8546875 0.35 0.8640625 0.359375 0.8625 0.36875 0.8640625 0.3921875 0.8609375 0.4046875 0.8578125 0.4078125 0.8359375 0.3984375 0.834375 0.3953125 0.834375 0.3703125 0.8375 0.3578125 0.8421875 0.3515625 0.853125 0.35
0 0.840625 0.1578125 0.8546875 0.159375 0.8609375 0.165625 0.859375 0.178125 0.8546875 0.1796875 0.8453125 0.178125 0.8375 0.1859375 0.83125 0.171875 0.8328125 0.1671875 0.840625 0.159375
0 0.928125 0.30625 0.9265625 0.296875 0.928125 0.2921875 0.9375 0.2828125 0.9421875 0.2828125 0.946875 0.2875 0.9453125 0.3109375 0.9390625 0.3140625 0.9296875 0.30625
0 0.809375 0.159375 0.821875 0.1609375 0.825 0.1640625 0.8265625 0.171875 0.8234375 0.1765625 0.8171875 0.178125 0.809375 0.184375 0.80625 0.1796875 0.80625 0.16875 0.809375 0.1609375
0 0.9 0.3109375 0.9125 0.325 0.90625 0.346875 0.896875 0.353125 0.89375 0.35 0.8953125 0.340625 0.8921875 0.3359375 0.8890625 0.3375 0.8859375 0.35 0.88125 0.346875 0.878125 0.340625 0.878125 0.3296875 0.8828125 0.3171875 0.8875 0.3125 0.890625 0.3125 0.890625 0.321875 0.896875 0.3234375 0.9 0.3125
0 0.85 0.1890625 0.02578125 0.025
1 0 0.8375 0.00625 0.8546875 0.0125 0.8828125 0.0125 0.9015625 0.009375 0.9125 0.0046875 0.91875 0 0.91875 0 0.8390625
3 0.7546875 0.178125 0.7640625 0.1796875 0.7703125 0.1875 0.76875 0.20625 0.7640625 0.215625 0.7515625 0.2171875 0.75 0.2140625 0.7390625 0.2078125 0.7375 0.1984375 0.740625 0.190625 0.7484375 0.1796875 0.753125 0.1796875
3 0.746875 0.16875 0.7421875 0.165625 0.7359375 0.165625 0.7265625 0.1734375 0.7203125 0.1734375 0.71875 0.1671875 0.71875 0.1578125 0.7265625 0.146875 0.7453125 0.1484375 0.7484375 0.153125 0.746875 0.1671875