0 0.1109375 0.3140625 0.115625 0.31875 0.11875 0.328125 0.11875 0.3421875 0.1125 0.3515625 0.1078125 0.346875 0.109375 0.3390625 0.10625 0.328125 0.103125 0.340625 0.1046875 0.346875 0.103125 0.3546875 0.1 0.3546875 0.0921875 0.3484375 0.090625 0.3390625 0.0875 0.334375 0.0875 0.3234375 0.0921875 0.315625 0.0953125 0.315625 0.1046875 0.325 0.1109375 0.3203125 0.1109375 0.315625
0 0.54375 0.1125 0.5515625 0.11875 0.553125 0.128125 0.546875 0.1359375 0.5390625 0.140625 0.528125 0.140625 0.521875 0.1359375 0.521875 0.1296875 0.53125 0.115625 0.5421875 0.1125
0 0.6203125 0.096875 0.621875 0.0984375 0.6265625 0.096875 0.6265625 0.128125 0.6234375 0.1296875 0.6203125 0.128125 0.6171875 0.13125 0.6125 0.13125 0.60625 0.1265625 0.6046875 0.1171875 0.609375 0.109375 0.6109375 0.1 0.6140625 0.096875 0.61875 0.096875
0 0.9171875 0.3859375 0.9265625 0.3875 0.9296875 0.390625 0.9328125 0.396875 0.9375 0.4 0.946875 0.421875 0.9609375 0.4359375 0.9609375 0.478125 0.95625 0.484375 0.953125 0.48125 0.9453125 0.48125 0.9390625 0.471875 0.925 0.4609375 0.9140625 0.4484375 0.90625 0.4484375 0.9 0.4421875 0.896875 0.428125 0.8984375 0.403125 0.9078125 0.3921875 0.9078125 0.3890625 0.9109375 0.3859375 0.915625 0.3859375
0 0.1375 0.1375 0.14375 0.1390625 0.15 0.15 0.15 0.159375 0.140625 0.1640625 0.13125 0.1609375 0.1296875 0.1578125 0.1296875 0.1421875 0.1359375 0.1375
0 0.0125 0.2125 0.01171875 0.01640625
0 0.153125 0.35 0.159375 0.353125 0.1625 0.3609375 0.1640625 0.396875 0.140625 0.409375 0.134375 0.39375 0.1359375 0.3828125 0.1359375 0.3640625 0.134375 0.3625 0.14375 0.35 0.1515625 0.35
0 0.6015625 0.05625 0.609375 0.0640625 0.609375 0.078125 0.60625 0.0828125 0.5953125 0.08125 0.590625 0.0734375 0.5921875 0.0625 0.6 0.05625
0 0.5984375 0.1140625 0.603125 0.11875 0.603125 0.1265625 0.60625 0.134375 0.6046875 0.1484375 0.6 0.1546875 0.59375 0.1546875 0.590625 0.1484375 0.584375 0.146875 0.584375 0.1328125 0.590625 0.1203125 0.596875 0.1140625
0 0.065625 0.2875 0.0703125 0.2921875 0.071875 0.2984375 0.06875 0.3046875 0.0578125 0.3140625 0.053125 0.3109375 0.05 0.2921875 0.05625 0.2828125 0.0609375 0.2828125 0.0640625 0.2875
0 0.309375 0.146875 0.3171875 0.15 0.31875 0.1546875 0.328125 0.1625 0.3296875 0.171875 0.3109375 0.18125 0.2875 0.1796875 0.284375 0.1671875 0.2859375 0.1546875 0.2890625 0.15 0.3078125 0.1484375
1 0.25 0.175 0.253125 0.18125 0.253125 0.1890625 0.25 0.1953125 0.2453125 0.1953125 0.2421875 0.190625 0.2421875 0.178125 0.2484375 0.175