0 0.1390625 0.1390625 0.146875 0.14375 0.15 0.1484375 0.15 0.159375 0.140625 0.165625 0.134375 0.1625 0.1296875 0.15625 0.1296875 0.14375 0.1328125 0.1390625 0.1375 0.1390625
0 0.246875 0.184375 0.2546875 0.1875 0.259375 0.2046875 0.2578125 0.2109375 0.2484375 0.2171875 0.24375 0.2171875 0.2390625 0.2125 0.228125 0.2125 0.225 0.2078125 0.225 0.190625 0.2296875 0.1828125 0.2390625 0.18125 0.2453125 0.184375
0 0.746875 0.415625 0.76875 0.428125 0.7796875 0.44375 0.7859375 0.4578125 0.790625 0.4625 0.796875 0.4640625 0.8 0.46875 0.8046875 0.4859375 0.8046875 0.5125 0.8015625 0.5203125 0.7890625 0.5296875 0.7796875 0.5296875 0.7609375 0.5109375 0.7515625 0.5078125 0.740625 0.4984375 0.7265625 0.49375 0.721875 0.4796875 0.715625 0.4734375 0.715625 0.45625 0.7265625 0.4359375 0.7296875 0.425 0.7375 0.415625 0.7453125 0.415625
0 0.4609375 0.2078125 0.4671875 0.2125 0.4734375 0.2375 0.4703125 0.2484375 0.4671875 0.2515625 0.459375 0.253125 0.45 0.2609375 0.4421875 0.2734375 0.4359375 0.26875 0.421875 0.26875 0.41875 0.2609375 0.41875 0.2515625 0.421875 0.24375 0.4296875 0.2359375 0.4390625 0.2171875 0.4515625 0.2078125 0.459375 0.2078125
0 0.1890625 0.159375 0.196875 0.1578125 0.2015625 0.1625 0.2046875 0.1625 0.209375 0.1703125 0.2078125 0.1859375 0.2 0.1875 0.1859375 0.1859375 0.1859375 0.1640625 0.1890625 0.1609375
0 0.1125 0.1546875 0.11875 0.1625 0.11875 0.171875 0.109375 0.1765625 0.09375 0.1734375 0.0890625 0.1703125 0.0859375 0.153125 0.0890625 0.15 0.103125 0.15 0.1109375 0.1546875
0 0.14375 0.35 0.15625 0.3515625 0.1609375 0.35625 0.1640625 0.3640625 0.1640625 0.396875 0.14375 0.4078125 0.1390625 0.4078125 0.134375 0.39375 0.1359375 0.384375 0.1359375 0.3640625 0.134375 0.3625 0.14375 0.3515625
0 0.0609375 0.2984375 0.02109375 0.03359375
0 0.2578125 0.1953125 0.2515625 0.1859375 0.24375 0.1859375 0.240625 0.1828125 0.2328125 0.1828125 0.2296875 0.1796875 0.2328125 0.1640625 0.240625 0.1609375 0.2515625 0.1609375 0.2578125 0.1640625 0.2625 0.178125 0.259375 0.1953125
0 0.328125 0.1609375 0.33125 0.1625 0.33125 0.175 0.325 0.1828125 0.3203125 0.1828125 0.315625 0.1859375 0.309375 0.18125 0.2953125 0.1828125 0.2921875 0.1796875 0.290625 0.1734375 0.2921875 0.1515625 0.29375 0.15 0.3203125 0.15 0.321875 0.15625 0.3265625 0.1609375
0 0.090625 0.3484375 0.0859375 0.33125 0.0859375 0.321875 0.090625 0.3171875 0.096875 0.31875 0.096875 0.321875 0.103125 0.328125 0.10625 0.3359375 0.1078125 0.325 0.1140625 0.3234375 0.1171875 0.3265625 0.11875 0.3375 0.115625 0.3484375 0.1125 0.35 0.1109375 0.3453125 0.1078125 0.3421875 0.10625 0.34375 0.10625 0.35625 0.103125 0.3578125 0.0921875 0.3484375
0 0.58125 0.13125 0.5890625 0.1375 0.5890625 0.1453125 0.584375 0.1546875 0.5828125 0.175 0.5640625 0.1765625 0.559375 0.1703125 0.5609375 0.15625 0.5671875 0.1484375 0.56875 0.1375 0.575 0.1328125 0.5796875 0.1328125
1 0.2765625 0.175 0.2828125 0.1828125 0.284375 0.1921875 0.2828125 0.1984375 0.278125 0.2 0.2734375 0.1984375 0.2703125 0.1875 0.2703125 0.1796875 0.275 0.175
3 0.1484375 0.234375 0.1546875 0.2375 0.159375 0.2515625 0.1609375 0.26875 0.1578125 0.2734375 0.153125 0.275 0.140625 0.2859375 0.134375 0.2796875 0.125 0.2796875 0.121875 0.2765625 0.1203125 0.2546875 0.125 0.24375 0.13125 0.2375 0.1359375 0.234375 0.146875 0.234375