0 0.7046875 0.15 0.7171875 0.159375 0.71875 0.165625 0.7171875 0.18125 0.7125 0.184375 0.696875 0.1859375 0.6875 0.1796875 0.6859375 0.1734375 0.6890625 0.1640625 0.703125 0.1515625
0 0 0.8390625 0.00625 0.8515625 0.0078125 0.865625 0.0125 0.8796875 0.0125 0.9078125 0.0046875 0.91875 0 0.9171875 0 0.840625
0 0.7890625 0.18125 0.803125 0.1796875 0.8078125 0.1875 0.8046875 0.2046875 0.7953125 0.2109375 0.790625 0.2109375 0.784375 0.20625 0.78125 0.2 0.78125 0.190625 0.7890625 0.1828125
0 0.8890625 0.15625 0.89375 0.1609375 0.89375 0.1734375 0.8890625 0.178125 0.88125 0.1734375 0.8828125 0.1578125 0.8875 0.1578125
0 0.85 0.3796875 0.03125 0.059375
0 0.8640625 0.175 0.865625 0.178125 0.8640625 0.19375 0.8625 0.196875 0.85625 0.1984375 0.846875 0.1953125 0.8453125 0.18125 0.85 0.1765625 0.8625 0.175
0 0.7390625 0.1671875 0.75 0.171875 0.7515625 0.1765625 0.7375 0.190625 0.734375 0.2 0.73125 0.2015625 0.721875 0.196875 0.71875 0.1796875 0.728125 0.175 0.734375 0.16875 0.7375 0.16875
0 0.9 0.3046875 0.9046875 0.3140625 0.9015625 0.321875 0.896875 0.3234375 0.8859375 0.3359375 0.8859375 0.3484375 0.8828125 0.3453125 0.878125 0.328125 0.884375 0.3140625 0.890625 0.309375 0.896875 0.3109375 0.9 0.30625
0 0.8109375 0.1984375 0.809375 0.1953125 0.8109375 0.184375 0.8234375 0.175 0.828125 0.175 0.8328125 0.1796875 0.834375 0.1859375 0.8328125 0.1984375 0.825 0.203125 0.8203125 0.203125 0.8125 0.1984375
0 0.9390625 0.29765625 0.021875 0.034375
0 0.384375 0.0640625 0.3875 0.0671875 0.3921875 0.0859375 0.3859375 0.090625 0.378125 0.090625 0.3703125 0.078125 0.371875 0.065625 0.3765625 0.0625 0.3828125 0.0640625
0 0.778125 0.1890625 0.7609375 0.1765625 0.7625 0.1640625 0.76875 0.1578125 0.775 0.159375 0.78125 0.16875 0.78125 0.18125 0.778125 0.1875
0 0.7640625 0.215625 0.7578125 0.2125 0.7546875 0.2171875 0.7515625 0.2171875 0.746875 0.2125 0.7390625 0.209375 0.7375 0.1953125 0.74375 0.184375 0.7484375 0.1796875 0.7625 0.1796875 0.7671875 0.184375 0.76875 0.2046875 0.765625 0.2140625
0 0.809375 0.1625 0.8203125 0.1609375 0.825 0.1625 0.8265625 0.1671875 0.8265625 0.1734375 0.809375 0.1859375 0.80625 0.18125 0.80625 0.1703125 0.809375 0.1640625
0 0.8828125 0.3484375 0.8796875 0.340625 0.8828125 0.328125 0.8890625 0.325 0.8921875 0.3359375 0.8953125 0.328125 0.9046875 0.3171875 0.9125 0.325 0.9078125 0.3484375 0.9046875 0.3484375 0.8984375 0.35625 0.89375 0.3578125 0.8921875 0.34375 0.890625 0.3421875 0.8875 0.3484375 0.8859375 0.35 0.884375 0.3484375
0 0.3625 0.05625 0.3640625 0.0609375 0.3625 0.071875 0.3578125 0.071875 0.3546875 0.0640625 0.35625 0.05625 0.3578125 0.0546875 0.3609375 0.05625
0 0.76875 0.1484375 0.7703125 0.15 0.76875 0.15625 0.7609375 0.165625 0.7546875 0.165625 0.75 0.1609375 0.7515625 0.15 0.7671875 0.1484375
3 0.746875 0.16875 0.734375 0.1671875 0.728125 0.1734375 0.721875 0.1734375 0.71875 0.1609375 0.721875 0.1515625 0.728125 0.1453125 0.74375 0.146875 0.7484375 0.153125 0.746875 0.1671875