0 0.371875 0.0953125 0.38125 0.09375 0.3859375 0.0984375 0.390625 0.1125 0.390625 0.1171875 0.3859375 0.125 0.3796875 0.128125 0.3734375 0.121875 0.3703125 0.1078125 0.371875 0.096875
0 0.96875 0.215625 0.01640625 0.02109375
0 0.509375 0.1375 0.5140625 0.146875 0.515625 0.1609375 0.5140625 0.1734375 0.496875 0.1734375 0.4921875 0.1671875 0.4828125 0.1609375 0.48125 0.1546875 0.48125 0.15 0.490625 0.1375 0.5 0.134375 0.5078125 0.1375
0 0.959375 0.1953125 0.9625 0.1984375 0.9625 0.20625 0.959375 0.2109375 0.9484375 0.2015625 0.95 0.196875 0.9578125 0.1953125
0 0.890625 0.23125 0.896875 0.240625 0.8921875 0.25 0.8921875 0.259375 0.88125 0.265625 0.875 0.265625 0.8671875 0.2609375 0.8640625 0.25625 0.8640625 0.2484375 0.86875 0.2375 0.8796875 0.2265625 0.884375 0.2265625 0.8890625 0.23125
0 0.7734375 0.29375 0.79375 0.3109375 0.7921875 0.3296875 0.7890625 0.3328125 0.7765625 0.3359375 0.7734375 0.3421875 0.759375 0.3359375 0.746875 0.325 0.746875 0.3140625 0.7546875 0.3078125 0.7578125 0.3 0.7671875 0.29375 0.771875 0.29375
0 0.1765625 0.6828125 0.1890625 0.69375 0.20625 0.7296875 0.2078125 0.740625 0.20625 0.7578125 0.2 0.7734375 0.1953125 0.778125 0.1828125 0.775 0.175 0.784375 0.1703125 0.7859375 0.1578125 0.7984375 0.1421875 0.809375 0.1359375 0.815625 0.1296875 0.828125 0.1265625 0.8296875 0.1078125 0.828125 0.103125 0.8203125 0.1 0.7953125 0.0953125 0.784375 0.090625 0.759375 0.090625 0.7484375 0.0953125 0.74375 0.096875 0.7296875 0.1109375 0.7125 0.1140625 0.7125 0.1203125 0.70625 0.1421875 0.69375 0.1640625 0.696875 0.1765625 0.684375
0 0.9859375 0.2015625 0.990625 0.2 0.99375 0.2078125 0.9921875 0.2140625 0.9875 0.215625 0.984375 0.2125 0.9859375 0.203125
0 0.8546875 0.35 0.8640625 0.3625 0.8625 0.3640625 0.8640625 0.39375 0.859375 0.4078125 0.8546875 0.4078125 0.834375 0.3984375 0.8328125 0.390625 0.8375 0.3578125 0.8421875 0.3515625 0.853125 0.35
0 0.9 0.3078125 0.9109375 0.321875 0.9109375 0.334375 0.9078125 0.346875 0.9 0.3515625 0.8859375 0.3515625 0.8796875 0.3390625 0.8796875 0.321875 0.8859375 0.3125 0.890625 0.3109375 0.89375 0.3171875 0.9 0.309375
0 0.9484375 0.2125 0.9515625 0.2171875 0.95 0.234375 0.9453125 0.234375 0.9328125 0.2265625 0.934375 0.2140625 0.946875 0.2125
0 0.94375 0.2828125 0.9484375 0.2875 0.9484375 0.296875 0.9453125 0.3109375 0.9421875 0.3140625 0.928125 0.3046875 0.9296875 0.290625 0.9375 0.2828125 0.9421875 0.2828125
0 0.4484375 0.4796875 0.4578125 0.4859375 0.4640625 0.4828125 0.4703125 0.4828125 0.48125 0.4875 0.4953125 0.5015625 0.4984375 0.509375 0.4984375 0.5328125 0.4921875 0.5484375 0.4796875 0.55 0.46875 0.559375 0.4625 0.5609375 0.45 0.571875 0.4453125 0.5734375 0.4390625 0.5890625 0.434375 0.5921875 0.428125 0.5859375 0.415625 0.590625 0.403125 0.571875 0.3984375 0.5546875 0.4 0.5296875 0.4125 0.5 0.425 0.4875 0.44375 0.478125 0.446875 0.4796875
0 0.865625 0.1390625 0.8671875 0.140625 0.8671875 0.1578125 0.859375 0.165625 0.846875 0.1578125 0.846875 0.1515625 0.8546875 0.140625 0.8640625 0.1390625
0 0.4296875 0.1078125 0.434375 0.1125 0.4375 0.125 0.4375 0.1375 0.434375 0.1421875 0.421875 0.14375 0.415625 0.140625 0.4125 0.121875 0.4171875 0.109375 0.428125 0.1078125
0 0.403125 0.115625 0.4109375 0.125 0.4109375 0.13125 0.4140625 0.1375 0.4140625 0.1453125 0.4125 0.1484375 0.4078125 0.15 0.4046875 0.15625 0.3953125 0.1546875 0.3875 0.1328125 0.390625 0.121875 0.396875 0.115625 0.4015625 0.115625
2 0.3921875 0.0328125 0.3984375 0.0375 0.4 0.0625 0.3953125 0.06875 0.3890625 0.06875 0.3859375 0.065625 0.3859375 0.0375 0.390625 0.0328125