0 0.9 0.3078125 0.903125 0.309375 0.909375 0.3078125 0.9109375 0.3125 0.9140625 0.3140625 0.9125 0.31875 0.915625 0.321875 0.9078125 0.340625 0.9078125 0.346875 0.896875 0.3546875 0.89375 0.3515625 0.8953125 0.3390625 0.8921875 0.33125 0.8875 0.35 0.88125 0.346875 0.878125 0.3375 0.8796875 0.325 0.8859375 0.3125 0.890625 0.3109375 0.89375 0.3140625 0.8921875 0.321875 0.8953125 0.3234375 0.8984375 0.3203125 0.896875 0.3140625 0.9 0.309375
0 0.815625 0.1453125 0.8265625 0.1453125 0.8328125 0.15 0.834375 0.1546875 0.83125 0.16875 0.8140625 0.1671875 0.8109375 0.1625 0.8109375 0.153125 0.815625 0.146875
0 0.4 0.1125 0.403125 0.115625 0.403125 0.121875 0.409375 0.134375 0.4078125 0.1484375 0.4 0.153125 0.3953125 0.153125 0.3859375 0.14375 0.3859375 0.1265625 0.390625 0.115625 0.39375 0.1125 0.3984375 0.1125
0 0.8171875 0.1765625 0.821875 0.1859375 0.821875 0.2 0.81875 0.20625 0.8109375 0.2078125 0.80625 0.2078125 0.7953125 0.2015625 0.7953125 0.190625 0.8078125 0.1734375 0.8125 0.1734375 0.815625 0.1765625
0 0.7828125 0.1984375 0.790625 0.203125 0.7921875 0.2234375 0.7890625 0.2328125 0.78125 0.23125 0.775 0.225 0.7671875 0.2328125 0.7625 0.23125 0.75625 0.221875 0.75625 0.2125 0.7640625 0.2 0.7703125 0.1953125 0.78125 0.1984375
0 0.0421875 0.7765625 0.0421875 0.7796875 0.05625 0.7921875 0.0609375 0.8015625 0.06875 0.8328125 0.0671875 0.8484375 0.0625 0.8546875 0.0609375 0.865625 0.05625 0.8734375 0.0453125 0.8703125 0.04375 0.8734375 0.025 0.8859375 0.0109375 0.8984375 0 0.9109375 0 0.7875 0.0171875 0.7875 0.0234375 0.790625 0.03125 0.790625 0.0421875 0.78125 0.0421875 0.778125
0 0.753125 0.1921875 0.7578125 0.2015625 0.7546875 0.2171875 0.7515625 0.2203125 0.740625 0.221875 0.7359375 0.221875 0.721875 0.2125 0.721875 0.2 0.7296875 0.196875 0.7390625 0.1875 0.746875 0.1875 0.7515625 0.1921875
0 0.8546875 0.35 0.8640625 0.359375 0.8625 0.3671875 0.8640625 0.3921875 0.859375 0.4078125 0.8484375 0.4046875 0.8359375 0.3984375 0.834375 0.3953125 0.834375 0.365625 0.8375 0.35625 0.8453125 0.35 0.853125 0.35
0 0.740625 0.1609375 0.7390625 0.16875 0.7453125 0.1765625 0.746875 0.1859375 0.7390625 0.1859375 0.728125 0.196875 0.721875 0.196875 0.71875 0.19375 0.7171875 0.1890625 0.71875 0.1765625 0.734375 0.16875 0.7390625 0.1625
0 0.859375 0.15078125 0.02265625 0.02890625
0 0.728125 0.15 0.7359375 0.1578125 0.734375 0.165625 0.7328125 0.16875 0.7203125 0.1734375 0.7140625 0.1796875 0.70625 0.178125 0.7046875 0.1640625 0.7171875 0.15 0.7234375 0.1484375 0.7265625 0.15
0 0.928125 0.3046875 0.9265625 0.2984375 0.928125 0.2921875 0.940625 0.28125 0.946875 0.2875 0.9453125 0.3109375 0.940625 0.3140625 0.9296875 0.3046875
0 0.7609375 0.1546875 0.7703125 0.1625 0.7703125 0.165625 0.759375 0.1765625 0.7578125 0.1828125 0.7515625 0.1828125 0.746875 0.1796875 0.74375 0.1734375 0.74375 0.1609375 0.7484375 0.15625 0.759375 0.1546875